t0=10.6,xb=(3.21443,7.90132,-0.0628024)
10.6(106):46273(3.21443,7.90132,-0.0628024),15977(2.63478,-1.33859,-3.07879)
0 1 2 3 4 5 6 7 8 9 10 11 12 13 14 15 16 17 18 19 20 21 22 23 24 25 26 27 28 29 30 31 32 33 34 35 36 37 38 39 40 41 42 43 44 45 46 47 48 , 0 1 2 3 4 5 6 7 8 9 10 11 12 13 14 15 16 17 18 19 20 21 22 23 24 25 26 27 28 29 30 31 32 33 34 35 36 37 38 39 40 41 42 43 44 45 46 47 48 
27 0.9,0;27 0.9,0 0;27 0.9,0

10.7(107):46223(3.30425,7.89567,-0.0628024),15976(2.50485,-1.34111,-3.07879)
0 1 2 3 4 5 6 7 8 9 10 11 12 13 14 15 16 17 18 19 20 21 22 23 24 25 26 27 28 29 30 31 32 33 34 35 36 37 38 39 40 41 42 43 44 45 46 47 48 , 0 1 2 3 4 5 6 7 8 9 10 11 12 13 14 15 16 17 18 19 20 21 22 23 24 25 26 27 28 29 30 31 32 33 34 35 36 37 38 39 40 41 42 43 44 45 46 47 48 
41 0.9,0.6;41 0.9,0.6 0;41 0.9,0.6

10.8(108):46223(3.39419,7.89272,-0.00280245),15852(2.28998,-1.48631,-3.13879)
0 1 2 3 4 5 6 7 8 9 10 11 12 13 14 15 16 17 18 19 20 21 22 23 24 25 26 27 28 29 30 31 32 33 34 35 36 37 38 39 40 41 42 43 44 45 46 47 48 , 0 1 2 3 4 5 6 7 8 9 10 11 12 13 14 15 16 17 18 19 20 21 22 23 24 25 26 27 28 29 30 31 32 33 34 35 36 37 38 39 40 41 42 43 44 45 46 47 48 
41 0.9,0.6;41 0.9,0.6 0;41 0.9,0.6

10.9(109):48824(3.48414,7.89516,0.0571976),246491(2.06686,-1.61596,3.0844)
0 1 2 3 4 5 6 7 8 9 10 11 12 13 14 15 16 17 18 19 20 21 22 23 24 25 26 27 28 29 30 31 32 33 34 35 36 37 38 39 40 41 42 43 44 45 46 47 48 , 0 1 2 3 4 5 6 7 8 9 10 11 12 13 14 15 16 17 18 19 20 21 22 23 24 25 26 27 28 29 30 31 32 33 34 35 36 37 38 39 40 41 42 43 44 45 46 47 48 
27 0.9,0;27 0.9,0 0;27 0.9,0

11(110):48876(3.574,7.90031,0.0571976),246489(1.93692,-1.61368,3.0844)
0 1 2 3 4 5 6 7 8 9 10 11 12 13 14 15 16 17 18 19 20 21 22 23 24 25 26 27 28 29 30 31 32 33 34 35 36 37 38 39 40 41 42 43 44 45 46 47 48 , 0 1 2 3 4 5 6 7 8 9 10 11 12 13 14 15 16 17 18 19 20 21 22 23 24 25 26 27 28 29 30 31 32 33 34 35 36 37 38 39 40 41 42 43 44 45 46 47 48 
6 0.9,-0.9;6 0.9,-0.9 0;6 0.9,-0.9

11.1(111):46275(3.66396,7.90141,-0.0328024),15909(1.94426,-1.43842,-3.10879)
0 1 2 3 4 5 6 7 8 9 10 11 12 13 14 15 16 17 18 19 20 21 22 23 24 25 26 27 28 29 30 31 32 33 34 35 36 37 38 39 40 41 42 43 44 45 46 47 48 , 0 1 2 3 4 5 6 7 8 9 10 11 12 13 14 15 16 17 18 19 20 21 22 23 24 25 26 27 28 29 30 31 32 33 34 35 36 37 38 39 40 41 42 43 44 45 46 47 48 
27 0.9,0;27 0.9,0 0;27 0.9,0

11.2(112):46225(3.75391,7.89846,-0.0328024),15908(1.81428,-1.43973,-3.10879)
0 1 2 3 4 5 6 7 8 9 10 11 12 13 14 15 16 17 18 19 20 21 22 23 24 25 26 27 28 29 30 31 32 33 34 35 36 37 38 39 40 41 42 43 44 45 46 47 48 , 0 1 2 3 4 5 6 7 8 9 10 11 12 13 14 15 16 17 18 19 20 21 22 23 24 25 26 27 28 29 30 31 32 33 34 35 36 37 38 39 40 41 42 43 44 45 46 47 48 
27 0.9,0;27 0.9,0 0;27 0.9,0

11.3(113):46225(3.84386,7.8955,-0.0328024),15907(1.6843,-1.44104,-3.10879)
0 1 2 3 4 5 6 7 8 9 10 11 12 13 14 15 16 17 18 19 20 21 22 23 24 25 26 27 28 29 30 31 32 33 34 35 36 37 38 39 40 41 42 43 44 45 46 47 48 , 0 1 2 3 4 5 6 7 8 9 10 11 12 13 14 15 16 17 18 19 20 21 22 23 24 25 26 27 28 29 30 31 32 33 34 35 36 37 38 39 40 41 42 43 44 45 46 47 48 
27 0.9,0;27 0.9,0 0;27 0.9,0

11.4(114):46226(3.93381,7.89255,-0.0328024),15906(1.55433,-1.44235,-3.10879)
0 1 2 3 4 5 6 7 8 9 10 11 12 13 14 15 16 17 18 19 20 21 22 23 24 25 26 27 28 29 30 31 32 33 34 35 36 37 38 39 40 41 42 43 44 45 46 47 48 , 0 1 2 3 4 5 6 7 8 9 10 11 12 13 14 15 16 17 18 19 20 21 22 23 24 25 26 27 28 29 30 31 32 33 34 35 36 37 38 39 40 41 42 43 44 45 46 47 48 
48 0.9,0.9;48 0.9,0.9 0;48 0.9,0.9

11.5(115):48827(4.02378,7.89365,0.0571976),246483(1.28859,-1.56988,3.0844)
0 1 2 3 4 5 6 7 8 9 10 11 12 13 14 15 16 17 18 19 20 21 22 23 24 25 26 27 28 29 30 31 32 33 34 35 36 37 38 39 40 41 42 43 44 45 46 47 48 , 0 1 2 3 4 5 6 7 8 9 10 11 12 13 14 15 16 17 18 19 20 21 22 23 24 25 26 27 28 29 30 31 32 33 34 35 36 37 38 39 40 41 42 43 44 45 46 47 48 
27 0.9,0;27 0.9,0 0;27 0.9,0

11.6(116):48828(4.11363,7.89879,0.0571976),246482(1.15865,-1.56759,3.0844)
0 1 2 3 4 5 6 7 8 9 10 11 12 13 14 15 16 17 18 19 20 21 22 23 24 25 26 27 28 29 30 31 32 33 34 35 36 37 38 39 40 41 42 43 44 45 46 47 48 , 0 1 2 3 4 5 6 7 8 9 10 11 12 13 14 15 16 17 18 19 20 21 22 23 24 25 26 27 28 29 30 31 32 33 34 35 36 37 38 39 40 41 42 43 44 45 46 47 48 
27 0.9,0;27 0.9,0 0;27 0.9,0

11.7(117):48879(4.20348,7.90394,0.0571976),246480(1.02872,-1.56531,3.0844)
0 1 2 3 4 5 6 7 8 9 10 11 12 13 14 15 16 17 18 19 20 21 22 23 24 25 26 27 28 29 30 31 32 33 34 35 36 37 38 39 40 41 42 43 44 45 46 47 48 , 0 1 2 3 4 5 6 7 8 9 10 11 12 13 14 15 16 17 18 19 20 21 22 23 24 25 26 27 28 29 30 31 32 33 34 35 36 37 38 39 40 41 42 43 44 45 46 47 48 
27 0.9,0;27 0.9,0 0;27 0.9,0

11.8(118):48879(4.29334,7.90908,0.0571976),246479(0.898781,-1.56302,3.0844)
0 1 2 3 4 5 6 7 8 9 10 11 12 13 14 15 16 17 18 19 20 21 22 23 24 25 26 27 28 29 30 31 32 33 34 35 36 37 38 39 40 41 42 43 44 45 46 47 48 , 0 1 2 3 4 5 6 7 8 9 10 11 12 13 14 15 16 17 18 19 20 21 22 23 24 25 26 27 28 29 30 31 32 33 34 35 36 37 38 39 40 41 42 43 44 45 46 47 
27 0.9,0;27 0.9,0 0;27 0.9,0

11.9(119):48880(4.38319,7.91423,0.0571976),246478(0.768847,-1.56073,3.0844)
0 1 2 3 4 5 6 7 8 9 10 11 12 13 14 15 16 17 18 19 20 21 22 23 24 25 26 27 28 29 30 31 32 33 34 35 36 37 38 39 40 41 42 43 44 45 46 47 48 , 0 1 2 3 4 5 6 7 8 9 10 11 12 13 14 15 16 17 18 19 20 21 22 23 24 25 26 27 28 29 30 31 32 33 35 36 37 38 42 43 
27 0.9,0;27 0.9,0 0;27 0.9,0

12(120):48880(4.47304,7.91937,0.0571976),246476(0.638912,-1.55845,3.0844)
0 1 2 3 4 5 6 7 8 9 10 11 12 13 14 15 16 17 18 19 20 21 22 23 24 25 26 27 28 29 30 31 32 33 34 35 36 37 38 39 40 41 42 43 44 45 46 47 48 , 0 1 2 3 4 7 8 9 10 14 15 21 
27 0.9,0;4 0.3,-0.9 1.17;4 0.3,-0.9

12.1(121):46280(4.50303,7.91974,-0.0328024),15836(0.706459,-1.49738,-3.10879)
0 1 2 3 4 5 6 7 8 9 10 11 12 13 14 15 16 17 18 19 20 21 22 23 24 25 26 27 28 29 30 31 32 33 34 35 36 37 38 39 40 41 42 43 44 45 46 47 48 , 0 1 2 3 4 7 8 9 10 14 15 21 28 29 30 35 
41 0.9,0.6;30 -0.3,0.3 1.53;30 -0.3,0.3

12.2(122):46279(4.47304,7.92027,-0.00280245),15836(0.651222,-1.51846,-3.13879)
0 1 2 3 4 5 6 7 8 9 10 11 12 13 14 15 16 17 18 19 20 21 22 23 24 25 26 27 28 29 30 31 32 33 34 35 36 37 38 39 40 41 42 43 44 45 46 47 48 , 0 1 2 3 4 7 8 9 10 14 15 21 28 29 30 35 
41 0.9,0.6;30 -0.3,0.3 1.53;30 -0.3,0.3

12.3(123):48880(4.44304,7.91991,0.0271976),246537(0.595393,-1.53667,3.1144)
0 1 2 3 4 5 6 7 8 9 10 11 12 13 14 15 16 17 18 19 20 21 22 23 24 25 26 27 28 29 30 31 32 33 34 35 36 37 38 39 40 41 42 43 44 45 46 47 48 , 0 1 
27 0.9,0;1 -0.6,-0.9 3.06;1 -0.6,-0.9

12.4(124):46279(4.38307,7.92098,-0.0628024),15837(0.751095,-1.47675,-3.07879)
0 1 2 3 4 5 6 7 8 9 10 11 12 13 14 15 16 17 18 19 20 21 22 23 24 25 26 27 28 29 30 31 32 33 34 35 36 37 38 39 40 41 42 43 44 45 46 47 48 , 0 1 2 3 4 5 6 7 8 9 10 11 12 13 14 15 16 17 18 19 21 22 23 24 28 29 30 31 32 33 35 36 37 38 42 43 44 
41 0.9,0.6;33 0.6,0.3 0.18;33 0.6,0.3

12.5(125):46279(4.443,7.91811,-0.0328024),15835(0.606491,-1.49902,-3.10879)
0 1 2 3 4 5 6 7 8 9 10 11 12 13 14 15 16 17 18 19 20 21 22 23 24 25 26 27 28 29 30 31 32 33 34 35 36 37 38 39 40 41 42 43 44 45 46 47 48 , 0 1 
41 0.9,0.6;1 -0.6,-0.9 4.5;1 -0.6,-0.9

12.6(126):46279(4.3832,7.92277,-0.122802),19619(0.758987,-1.44065,-3.01879)
0 1 2 3 4 5 6 7 8 9 10 11 12 13 14 15 16 17 18 19 20 21 22 23 24 25 26 27 28 29 30 31 32 33 34 35 36 37 38 39 40 41 42 43 44 45 46 47 48 , 0 1 2 3 4 7 8 9 14 15 21 28 29 30 35 
41 0.9,0.6;30 -0.3,0.3 1.53;30 -0.3,0.3

12.7(127):46279(4.35337,7.926,-0.0928024),19557(0.7056,-1.46692,-3.04879)
0 1 2 3 4 5 6 7 8 9 10 11 12 13 14 15 16 17 18 19 20 21 22 23 24 25 26 27 28 29 30 31 32 33 34 35 36 37 38 39 40 41 42 43 44 45 46 47 48 , 0 1 3 4 7 8 9 10 14 15 21 
41 0.9,0.6;10 0,-0.6 2.25;10 0,-0.6

12.8(128):46279(4.35337,7.926,-0.152802),19619(0.752759,-1.42806,-2.98879)
0 1 2 3 4 5 6 7 8 9 10 11 12 13 14 15 16 17 18 19 20 21 22 23 24 25 26 27 28 29 30 31 32 33 34 35 36 37 38 39 40 41 42 43 44 45 46 47 48 , 0 1 2 3 4 7 8 9 14 15 21 28 29 30 35 
41 0.9,0.6;30 -0.3,0.3 1.53;30 -0.3,0.3

12.9(129):46279(4.32366,7.93012,-0.122802),19557(0.699882,-1.45535,-3.01879)
0 1 2 3 4 5 6 7 8 9 10 11 12 13 14 15 16 17 18 19 20 21 22 23 24 25 26 27 28 29 30 31 32 33 34 35 36 37 38 39 40 41 42 43 44 45 46 47 48 , 0 1 3 4 7 8 9 10 14 15 21 
41 0.9,0.6;10 0,-0.6 2.25;10 0,-0.6

13(130):46279(4.32366,7.93012,-0.182802),19618(0.746557,-1.41803,-2.95879)
0 1 2 3 4 5 6 7 8 9 10 11 12 13 14 15 16 17 18 19 20 21 22 23 24 25 26 27 28 29 30 31 32 33 34 35 36 37 38 39 40 41 42 43 44 45 46 47 48 , 0 
41 0.9,0.6;0 -0.9,-0.9 5.49;0 -0.9,-0.9

13.1(131):43677(4.23601,7.95044,-0.272802),23341(0.922344,-1.35192,-2.86879)
0 1 2 3 4 5 6 7 8 9 10 11 12 13 14 15 16 17 18 19 20 21 22 23 24 25 26 27 28 29 30 31 32 33 34 35 36 37 38 39 40 41 42 43 44 45 46 47 48 , 0 1 2 3 4 5 6 7 8 9 10 11 12 13 14 15 16 17 18 21 22 23 24 28 29 30 35 36 37 38 39 42 43 44 
48 0.9,0.9;39 0.3,0.6 0.45;39 0.3,0.6

13.2(132):43677(4.26513,7.94323,-0.212802),23340(0.770538,-1.41235,-2.92879)
0 1 2 3 4 5 6 7 8 9 10 11 12 13 14 15 16 17 18 19 20 21 22 23 24 25 26 27 28 29 30 31 32 33 34 35 36 37 38 39 40 41 42 43 44 45 46 47 48 , 0 1 2 3 4 7 8 9 14 15 21 35 
48 0.9,0.9;35 -0.9,0.6 3.33;35 -0.9,0.6

13.3(133):46278(4.17664,7.95958,-0.152802),19557(0.734874,-1.4648,-2.98879)
0 1 2 3 4 5 6 7 8 9 10 11 12 13 14 15 16 17 18 19 20 21 22 23 24 25 26 27 28 29 30 31 32 33 34 35 36 37 38 39 40 41 42 43 44 45 46 47 48 , 0 1 3 4 7 8 9 10 14 15 21 
41 0.9,0.6;10 0,-0.6 2.25;10 0,-0.6

13.4(134):43677(4.17664,7.95958,-0.212802),23340(0.782289,-1.42654,-2.92879)
0 1 2 3 4 5 6 7 8 9 10 11 12 13 14 15 16 17 18 19 20 21 22 23 24 25 26 27 28 29 30 31 32 33 34 35 36 37 38 39 40 41 42 43 44 45 46 47 48 , 0 1 2 3 4 7 8 9 14 15 21 35 
48 0.9,0.9;35 -0.9,0.6 3.33;35 -0.9,0.6

13.5(135):46277(4.08816,7.97594,-0.152802),19557(0.745752,-1.47967,-2.98879)
0 1 2 3 4 5 6 7 8 9 10 11 12 13 14 15 16 17 18 19 20 21 22 23 24 25 26 27 28 29 30 31 32 33 34 35 36 37 38 39 40 41 42 43 44 45 46 47 48 , 0 1 3 4 7 8 9 10 14 15 21 
27 0.9,0;4 0.3,-0.9 1.17;4 0.3,-0.9

13.6(136):43677(4.11756,7.97005,-0.242802),23340(0.806938,-1.41762,-2.89879)
0 1 2 3 4 5 6 7 8 9 10 11 12 13 14 15 16 17 18 19 20 21 22 23 24 25 26 27 28 29 30 31 32 33 34 35 36 37 38 39 40 41 42 43 44 45 46 47 48 , 0 1 2 3 4 7 8 9 14 15 21 35 
48 0.9,0.9;35 -0.9,0.6 3.33;35 -0.9,0.6

13.7(137):46277(4.0296,7.98905,-0.182802),19558(0.771092,-1.47343,-2.95879)
0 1 2 3 4 5 6 7 8 9 10 11 12 13 14 15 16 17 18 19 20 21 22 23 24 25 26 27 28 29 30 31 32 33 34 35 36 37 38 39 40 41 42 43 44 45 46 47 48 , 0 1 2 3 4 7 8 9 10 11 12 13 14 15 16 17 18 19 21 22 23 24 28 29 30 35 42 43 44 
27 0.9,0;19 0.6,-0.3 0.18;19 0.6,-0.3

t0=13.8,xb=(4.08843,7.97726,-0.212802)
13.8(138):43676(4.08843,7.97726,-0.212802),23278(0.715853,-1.45899,-2.92879)
0 1 2 3 4 5 6 7 8 9 10 11 12 13 14 15 16 17 18 19 20 21 22 23 24 25 26 27 28 29 30 31 32 33 34 35 36 37 38 39 40 41 42 43 44 45 46 47 48 , 0 1 7 8 9 10 14 15 21 
48 0.9,0.9;10 0,-0.6 3.06;10 0,-0.6

13.9(139):43676(4.08843,7.97726,-0.272802),23340(0.763531,-1.42421,-2.86879)
0 1 2 3 4 5 6 7 8 9 10 11 12 13 14 15 16 17 18 19 20 21 22 23 24 25 26 27 28 29 30 31 32 33 34 35 36 37 38 39 40 41 42 43 44 45 46 47 48 , 0 1 2 3 4 7 8 9 14 15 21 35 
48 0.9,0.9;35 -0.9,0.6 3.33;35 -0.9,0.6

14(140):43676(4.00109,7.9989,-0.212802),23278(0.727603,-1.47858,-2.92879)
0 1 2 3 4 5 6 7 8 9 10 11 12 13 14 15 16 17 18 19 20 21 22 23 24 25 26 27 28 29 30 31 32 33 34 35 36 37 38 39 40 41 42 43 44 45 46 47 48 , 0 1 7 8 9 10 14 15 21 
48 0.9,0.9;10 0,-0.6 3.06;10 0,-0.6

14.1(141):43676(4.00109,7.9989,-0.272802),23340(0.776435,-1.44307,-2.86879)
0 1 2 3 4 5 6 7 8 9 10 11 12 13 14 15 16 17 18 19 20 21 22 23 24 25 26 27 28 29 30 31 32 33 34 35 36 37 38 39 40 41 42 43 44 45 46 47 48 , 0 1 2 3 4 7 8 9 14 15 21 35 
48 0.9,0.9;35 -0.9,0.6 3.33;35 -0.9,0.6

14.2(142):43676(3.91374,8.02053,-0.212802),23278(0.739354,-1.49818,-2.92879)
0 1 2 3 4 5 6 7 8 9 10 11 12 13 14 15 16 17 18 19 20 21 22 23 24 25 26 27 28 29 30 31 32 33 34 35 36 37 38 39 40 41 42 43 44 45 46 47 48 , 0 1 7 8 9 10 14 15 21 
48 0.9,0.9;10 0,-0.6 3.06;10 0,-0.6

14.3(143):43676(3.91374,8.02053,-0.272802),23279(0.78934,-1.46192,-2.86879)
0 1 2 3 4 5 6 7 8 9 10 11 12 13 14 15 16 17 18 19 20 21 22 23 24 25 26 27 28 29 30 31 32 33 34 35 36 37 38 39 40 41 42 43 44 45 46 47 48 , 0 1 2 3 4 7 8 9 10 11 12 13 14 15 16 17 18 19 21 22 23 24 28 29 30 35 
48 0.9,0.9;19 0.6,-0.3 1.53;19 0.6,-0.3

14.4(144):43676(3.97127,8.0035,-0.302802),26999(0.734664,-1.45042,-2.83879)
0 1 2 3 4 5 6 7 8 9 10 11 12 13 14 15 16 17 18 19 20 21 22 23 24 25 26 27 28 29 30 31 32 33 34 35 36 37 38 39 40 41 42 43 44 45 46 47 48 , 0 1 7 8 9 10 14 15 21 
48 0.9,0.9;10 0,-0.6 3.06;10 0,-0.6

14.5(145):43676(3.97127,8.0035,-0.362802),27061(0.782919,-1.41795,-2.77879)
0 1 2 3 4 5 6 7 8 9 10 11 12 13 14 15 16 17 18 19 20 21 22 23 24 25 26 27 28 29 30 31 32 33 34 35 36 37 38 39 40 41 42 43 44 45 46 47 48 , 0 1 2 3 4 7 8 9 14 15 21 35 
48 0.9,0.9;35 -0.9,0.6 3.33;35 -0.9,0.6

14.6(146):43675(3.88622,8.0329,-0.302802),26999(0.74825,-1.47697,-2.83879)
0 1 2 3 4 5 6 7 8 9 10 11 12 13 14 15 16 17 18 19 20 21 22 23 24 25 26 27 28 29 30 31 32 33 34 35 36 37 38 39 40 41 42 43 44 45 46 47 48 , 0 1 7 8 9 10 14 15 21 
41 0.9,0.6;10 0,-0.6 2.25;10 0,-0.6

14.7(147):43675(3.88622,8.0329,-0.362802),27061(0.798072,-1.44364,-2.77879)
0 1 2 3 4 5 6 7 8 9 10 11 12 13 14 15 16 17 18 19 20 21 22 23 24 25 26 27 28 29 30 31 32 33 34 35 36 37 38 39 40 41 42 43 44 45 46 47 48 , 0 1 2 3 4 7 8 9 14 15 21 35 
41 0.9,0.6;4 0.3,-0.9 2.61;4 0.3,-0.9

14.8(148):41075(3.91375,8.02101,-0.452802),30783(0.858666,-1.38492,-2.68879)
0 1 2 3 4 5 6 7 8 9 10 11 12 13 14 15 16 17 18 19 20 21 22 23 24 25 26 27 28 29 30 31 32 33 34 35 36 37 38 39 40 41 42 43 44 45 46 47 48 , 0 1 2 3 4 5 6 7 8 9 10 11 12 13 14 15 16 17 18 19 21 22 23 24 28 29 30 35 36 37 38 39 42 43 44 
48 0.9,0.9;39 0.3,0.6 0.45;39 0.3,0.6

14.9(149):43676(3.9411,8.0087,-0.392802),30781(0.70714,-1.44833,-2.74879)
0 1 2 3 4 5 6 7 8 9 10 11 12 13 14 15 16 17 18 19 20 21 22 23 24 25 26 27 28 29 30 31 32 33 34 35 36 37 38 39 40 41 42 43 44 45 46 47 48 , 0 
48 0.9,0.9;0 -0.9,-0.9 6.48;0 -0.9,-0.9

15(150):41074(3.85962,8.04684,-0.482802),30783(0.888903,-1.39343,-2.65879)
0 1 2 3 4 5 6 7 8 9 10 11 12 13 14 15 16 17 18 19 20 21 22 23 24 25 26 27 28 29 30 31 32 33 34 35 36 37 38 39 40 41 42 43 44 45 46 47 48 , 0 1 2 3 4 5 6 7 8 9 10 11 12 13 14 15 16 17 18 19 21 22 23 24 28 29 30 35 36 37 38 39 42 43 44 
48 0.9,0.9;39 0.3,0.6 0.45;39 0.3,0.6

15.1(151):41074(3.88659,8.03372,-0.422802),30720(0.737288,-1.45974,-2.71879)
0 1 2 3 4 5 6 7 8 9 10 11 12 13 14 15 16 17 18 19 20 21 22 23 24 25 26 27 28 29 30 31 32 33 34 35 36 37 38 39 40 41 42 43 44 45 46 47 48 , 0 1 2 3 4 7 8 9 10 14 15 21 
48 0.9,0.9;10 0,-0.6 3.06;10 0,-0.6

15.2(152):41074(3.88659,8.03372,-0.482802),30782(0.788065,-1.43147,-2.65879)
0 1 2 3 4 5 6 7 8 9 10 11 12 13 14 15 16 17 18 19 20 21 22 23 24 25 26 27 28 29 30 31 32 33 34 35 36 37 38 39 40 41 42 43 44 45 46 47 48 , 0 1 2 3 4 7 8 9 10 14 15 21 
48 0.9,0.9;10 0,-0.6 3.06;10 0,-0.6

15.3(153):41074(3.88659,8.03372,-0.542802),34503(0.838233,-1.4023,-2.59879)
0 1 2 3 4 5 6 7 8 9 10 11 12 13 14 15 16 17 18 19 20 21 22 23 24 25 26 27 28 29 30 31 32 33 34 35 36 37 38 39 40 41 42 43 44 45 46 47 48 , 0 1 2 3 4 7 8 9 10 12 13 14 15 16 17 18 19 21 22 23 24 
48 0.9,0.9;19 0.6,-0.3 1.53;19 0.6,-0.3

15.4(154):41075(3.9375,8.00196,-0.572802),34503(0.786312,-1.39911,-2.56879)
0 1 2 3 4 5 6 7 8 9 10 11 12 13 14 15 16 17 18 19 20 21 22 23 24 25 26 27 28 29 30 31 32 33 34 35 36 37 38 39 40 41 42 43 44 45 46 47 48 , 0 1 2 3 4 7 8 9 10 12 13 14 15 16 17 18 19 21 22 23 24 
48 0.9,0.9;19 0.6,-0.3 1.53;19 0.6,-0.3

15.5(155):38474(3.98742,7.96869,-0.602802),38223(0.734984,-1.39847,-2.53879)
1 2 3 4 5 6 8 9 10 11 12 13 15 16 17 18 19 20 21 22 23 24 25 26 27 28 29 30 31 32 33 34 35 36 37 38 39 40 41 42 43 44 45 46 47 48 , 0 1 14 15 16 21 
48 0.9,0.9;16 -0.3,-0.3 2.88;16 -0.3,-0.3

15.6(156):38474(3.96297,7.98607,-0.632802),38224(0.774342,-1.399,-2.50879)
1 2 3 4 5 6 8 9 10 11 12 13 15 16 17 18 19 20 21 22 23 24 25 26 27 28 29 30 31 32 33 34 35 36 37 38 39 40 41 42 43 44 45 46 47 48 , 0 1 2 3 4 7 8 9 10 14 15 16 17 18 19 21 22 23 24 25 28 29 30 35 
48 0.9,0.9;25 0.3,0 1.17;25 0.3,0

15.7(157):38474(3.98716,7.96833,-0.632802),38223(0.712087,-1.42266,-2.50879)
1 2 3 4 5 6 8 9 10 11 12 13 15 16 17 18 19 20 21 22 23 24 25 26 27 28 29 30 31 32 33 34 35 36 37 38 39 40 41 42 43 44 45 46 47 48 , 0 1 14 15 16 21 
48 0.9,0.9;16 -0.3,-0.3 2.88;16 -0.3,-0.3

15.8(158):38474(3.96324,7.98643,-0.662802),38224(0.752904,-1.42482,-2.47879)
1 2 3 4 5 6 8 9 10 11 12 13 15 16 17 18 19 20 21 22 23 24 25 26 27 28 29 30 31 32 33 34 35 36 37 38 39 40 41 42 43 44 45 46 47 48 , 0 1 2 3 4 7 8 9 10 14 15 16 17 18 19 21 22 23 24 25 28 29 30 35 
48 0.9,0.9;25 0.3,0 1.17;25 0.3,0

15.9(159):38474(3.98689,7.96797,-0.662802),38223(0.691374,-1.44943,-2.47879)
1 2 3 4 5 6 8 9 10 11 12 13 15 16 17 18 19 20 21 22 23 24 25 26 27 28 29 30 31 32 33 34 35 36 37 38 39 40 41 42 43 44 45 46 47 48 , 0 1 14 15 16 21 
48 0.9,0.9;16 -0.3,-0.3 2.88;16 -0.3,-0.3

16(160):38474(3.96352,7.98678,-0.692802),41883(0.734144,-1.4536,-2.41879)
1 2 3 4 5 6 8 9 10 11 12 13 15 16 17 18 19 20 21 22 23 24 25 26 27 28 29 30 31 32 33 34 35 36 37 38 39 40 41 42 43 44 45 46 47 48 , 0 1 2 3 4 7 8 9 10 14 15 16 21 
48 0.9,0.9;16 -0.3,-0.3 2.88;16 -0.3,-0.3

16.1(161):38474(3.94073,8.00628,-0.722802),41884(0.778634,-1.45826,-2.35879)
1 2 3 4 5 6 8 9 10 11 12 13 15 16 17 18 19 20 21 22 23 24 25 26 27 28 29 30 31 32 33 34 35 36 37 38 39 40 41 42 43 44 45 46 47 48 , 0 1 2 3 4 5 6 7 8 9 10 11 12 13 14 15 16 17 18 19 21 22 23 24 25 28 29 30 35 
48 0.9,0.9;25 0.3,0 1.17;25 0.3,0

16.2(162):38474(3.96323,7.98644,-0.722802),45604(0.720704,-1.48689,-2.32879)
1 2 3 4 5 6 8 9 10 11 12 13 15 16 17 18 19 20 21 22 23 24 25 26 27 28 29 30 31 32 33 34 35 36 37 38 39 40 41 42 43 44 45 46 47 48 , 0 1 2 3 4 5 7 8 9 10 14 15 16 17 18 19 21 22 23 24 25 
48 0.9,0.9;25 0.3,0 1.17;25 0.3,0

16.3(163):38474(3.98572,7.9666,-0.722802),45604(0.663645,-1.51634,-2.29879)
1 2 3 4 5 6 8 9 10 11 12 13 15 16 17 18 19 20 21 22 23 24 25 26 27 28 29 30 31 32 33 34 35 36 37 38 39 40 41 42 43 44 45 46 47 48 , 0 1 2 3 4 5 7 8 9 10 14 15 16 17 18 19 21 22 23 24 25 
48 0.9,0.9;25 0.3,0 1.17;25 0.3,0

16.4(164):38474(4.00822,7.94675,-0.722802),45603(0.607482,-1.5466,-2.26879)
1 2 3 4 5 6 8 9 10 11 12 13 15 16 17 18 19 20 21 22 23 24 25 26 27 28 29 30 31 32 33 34 35 36 37 38 39 40 41 42 43 44 45 46 47 48 , 0 1 7 14 15 16 21 22 
48 0.9,0.9;16 -0.3,-0.3 2.88;16 -0.3,-0.3

16.5(165):38474(3.98603,7.96693,-0.752802),49264(0.659293,-1.559,-2.20879)
1 2 3 4 5 6 8 9 10 11 12 13 15 16 17 18 19 20 21 22 23 24 25 26 27 28 29 30 31 32 33 34 35 36 37 38 39 40 41 42 43 44 45 46 47 48 , 0 1 2 3 4 5 6 7 8 9 10 11 12 13 14 15 16 17 18 19 20 21 22 23 24 25 28 29 30 35 36 
48 0.9,0.9;25 0.3,0 1.17;25 0.3,0

16.6(166):38474(4.00792,7.94642,-0.752802),49263(0.605956,-1.59149,-2.17879)
1 2 3 4 5 6 8 9 10 11 12 13 15 16 17 18 19 20 21 22 23 24 25 26 27 28 29 30 31 32 33 34 35 36 37 38 39 40 41 42 43 44 45 46 47 48 , 0 1 2 3 4 5 7 8 9 10 11 14 15 16 21 22 
48 0.9,0.9;11 0.3,-0.6 2.61;11 0.3,-0.6

16.7(167):35873(4.02918,7.92526,-0.812802),52984(0.649991,-1.58764,-2.08879)
1 2 3 4 5 6 8 9 10 11 12 13 15 16 17 18 19 20 22 23 24 25 26 27 29 30 31 32 33 34 36 37 38 39 40 41 43 44 45 46 47 48 , 0 1 2 3 4 5 6 7 8 9 10 11 14 15 16 17 18 19 20 21 22 23 24 25 
44 -0.3,0.9;23 -0.3,0 0.81;23 -0.3,0

16.8(168):35873(4.00856,7.94705,-0.812802),52985(0.66071,-1.62268,-2.05879)
1 2 3 4 5 6 8 9 10 11 12 13 15 16 17 18 19 20 22 23 24 25 26 27 29 30 31 32 33 34 36 37 38 39 40 41 43 44 45 46 47 48 , 0 1 2 3 4 5 6 7 8 9 10 11 12 13 14 15 16 17 18 19 20 21 22 23 24 25 26 27 28 29 30 31 35 36 
44 -0.3,0.9;36 -0.6,0.6 0.18;36 -0.6,0.6

16.9(169):38474(3.96603,7.98936,-0.752802),52923(0.601859,-1.69563,-2.08879)
1 2 3 4 5 6 8 9 10 11 12 13 15 16 17 18 19 20 21 22 23 24 25 26 27 28 29 30 31 32 33 34 35 36 37 38 39 40 41 42 43 44 45 46 47 48 , 0 1 2 3 4 5 6 7 8 9 10 11 12 13 14 15 16 17 18 19 20 21 22 23 24 25 28 29 30 35 36 
48 0.9,0.9;25 0.3,0 1.17;25 0.3,0

17(170):38474(3.98792,7.96885,-0.752802),52923(0.552577,-1.73067,-2.05879)
1 2 3 4 5 6 8 9 10 11 12 13 15 16 17 18 19 20 21 22 23 24 25 26 27 28 29 30 31 32 33 34 35 36 37 38 39 40 41 42 43 44 45 46 47 48 , 0 1 2 3 4 5 6 7 8 9 10 11 12 13 14 15 16 17 18 19 20 21 22 23 24 25 28 29 30 35 36 
48 0.9,0.9;25 0.3,0 1.17;25 0.3,0

17.1(171):38474(4.00982,7.94834,-0.752802),56582(0.504356,-1.76628,-2.02879)
1 2 3 4 5 6 8 9 10 11 12 13 15 16 17 18 19 20 21 22 23 24 25 26 27 28 29 30 31 32 33 34 35 36 37 38 39 40 41 42 43 44 45 46 47 48 , 0 1 2 3 4 5 6 7 8 9 10 11 12 13 14 15 16 17 18 19 20 21 22 23 24 25 26 28 29 30 31 35 36 
48 0.9,0.9;26 0.6,0 0.9;26 0.6,0

17.2(172):38474(4.0536,7.90732,-0.752802),56581(0.427211,-1.80242,-1.99879)
1 2 3 4 5 6 8 9 10 11 12 13 15 16 17 18 19 20 21 22 23 24 25 26 27 28 29 30 31 32 33 34 35 36 37 38 39 40 41 42 43 44 45 46 47 48 , 0 1 2 3 4 5 6 7 8 9 10 11 14 15 16 17 21 22 
48 0.9,0.9;17 0,-0.3 2.25;17 0,-0.3

17.3(173):38474(4.0536,7.90732,-0.782802),60303(0.466136,-1.82589,-1.93879)
1 2 3 4 5 6 8 9 10 11 12 13 15 16 17 18 19 20 21 22 23 24 25 26 27 28 29 30 31 32 33 34 35 36 37 38 39 40 41 42 43 44 45 46 47 48 , 0 1 2 3 4 5 6 7 8 9 10 11 12 13 14 15 16 17 18 19 20 21 22 23 24 25 26 28 29 30 31 35 36 
48 0.9,0.9;26 0.6,0 0.9;26 0.6,0

17.4(174):38423(4.09614,7.865,-0.782802),60241(0.392308,-1.86343,-1.90879)
0 1 2 3 4 5 6 7 8 9 10 11 12 13 14 15 16 17 18 19 20 21 22 23 24 25 26 27 28 29 30 31 32 33 34 35 36 37 38 39 40 41 42 43 44 45 46 47 48 , 0 -0.9,-0.9

17.5(175):35873(4.03528,7.93126,-0.872802),63964(0.638845,-1.85549,-1.78879)
1 2 3 4 5 6 8 9 10 11 12 13 15 16 17 18 19 20 22 23 24 25 26 27 29 30 31 32 33 34 36 37 38 39 40 41 43 44 45 46 47 48 , 43 -0.6,0.9

17.6(176):38474(3.9947,7.97543,-0.782802),63963(0.517857,-1.9464,-1.84879)
1 2 3 4 5 6 8 9 10 11 12 13 15 16 17 18 19 20 21 22 23 24 25 26 27 28 29 30 31 32 33 34 35 36 37 38 39 40 41 42 43 44 45 46 47 48 , 48 0.9,0.9

17.7(177):38474(4.06127,7.91491,-0.692802),60178(0.237116,-2.01855,-1.90879)
1 2 3 4 5 6 8 9 10 11 12 13 15 16 17 18 19 20 21 22 23 24 25 26 27 28 29 30 31 32 33 34 35 36 37 38 39 40 41 42 43 44 45 46 47 48 , 48 0.9,0.9

17.8(178):38424(4.13302,7.86062,-0.602802),56393(-0.0512001,-2.06428,-1.96879)
0 1 2 3 4 5 6 7 8 9 10 11 12 13 14 15 16 17 18 19 20 21 22 23 24 25 26 27 28 29 30 31 32 33 34 35 36 37 38 39 40 41 42 43 44 45 46 47 48 , 48 0.9,0.9

17.9(179):41025(4.20935,7.813,-0.512802),56391(-0.344627,-2.08288,-2.02879)
0 1 2 3 4 5 6 7 8 9 10 11 12 13 14 15 16 17 18 19 20 21 22 23 24 25 26 27 28 29 30 31 32 33 34 35 36 37 38 39 40 41 42 43 44 45 46 47 48 , 48 0.9,0.9

18(180):41025(4.28965,7.77243,-0.422802),52667(-0.640641,-2.07388,-2.08879)
0 1 2 3 4 5 6 7 8 9 10 11 12 13 14 15 16 17 18 19 20 21 22 23 24 25 26 27 28 29 30 31 32 33 34 35 36 37 38 39 40 41 42 43 44 45 46 47 48 , 48 0.9,0.9

18.1(181):43627(4.37328,7.73924,-0.332802),49004(-0.937173,-2.03669,-2.17879)
0 1 2 3 4 5 6 7 8 9 10 11 12 13 14 15 16 17 18 19 20 21 22 23 24 25 26 27 28 29 30 31 32 33 34 35 36 37 38 39 40 41 42 43 44 45 46 47 48 , 43 -0.6,0.9

18.2(182):43627(4.31576,7.75627,-0.242802),45281(-1.08222,-1.97756,-2.26879)
0 1 2 3 4 5 6 7 8 9 10 11 12 13 14 15 16 17 18 19 20 21 22 23 24 25 26 27 28 29 30 31 32 33 34 35 36 37 38 39 40 41 42 43 44 45 46 47 48 , 43 -0.6,0.9

18.3(183):46227(4.25695,7.76805,-0.152802),41620(-1.22402,-1.9032,-2.35879)
0 1 2 3 4 5 6 7 8 9 10 11 12 13 14 15 16 17 18 19 20 21 22 23 24 25 26 27 28 29 30 31 32 33 34 35 36 37 38 39 40 41 42 43 44 45 46 47 48 , 48 0.9,0.9

18.4(184):46228(4.3464,7.75837,-0.0628024),41678(-1.51078,-1.80698,-2.44879)
0 1 2 3 4 5 6 7 8 9 10 11 12 13 14 15 16 17 18 19 20 21 22 23 24 25 26 27 28 29 30 31 32 33 34 35 36 37 38 39 40 41 42 43 44 45 46 47 48 , 48 0.9,0.9

18.5(185):48829(4.43636,7.75677,0.0271976),38015(-1.7899,-1.68251,-2.53879)
0 1 2 3 4 5 6 7 8 9 10 11 12 13 14 15 16 17 18 19 20 21 22 23 24 25 26 27 28 29 30 31 32 33 34 35 36 37 38 39 40 41 42 43 44 45 46 47 48 , 27 0.9,0

18.6(186):48830(4.52632,7.75922,0.0271976),38014(-1.91285,-1.70519,-2.53879)
0 1 2 3 4 5 6 7 8 9 10 11 12 13 14 15 16 17 18 19 20 21 22 23 24 25 26 27 28 29 30 31 32 33 34 35 36 37 38 39 40 41 42 43 44 45 46 47 48 , 27 0.9,0

t0=18.7,xb=(4.61629,7.76167,0.0271976)
18.7(187):48830(4.61629,7.76167,0.0271976),38013(-2.0358,-1.72787,-2.53879)
0 1 2 3 4 5 6 7 8 9 10 11 12 13 14 15 16 17 18 19 20 21 22 23 24 25 26 27 28 29 30 31 32 33 34 35 36 37 38 39 40 41 42 43 44 45 46 47 48 , 27 0.9,0

18.8(188):48831(4.70626,7.76411,0.0271976),37950(-2.15875,-1.75055,-2.53879)
0 1 2 3 4 5 6 7 8 9 10 11 12 13 14 15 16 17 18 19 20 21 22 23 24 25 26 27 28 29 30 31 32 33 34 35 36 37 38 39 40 41 42 43 44 45 46 47 48 , 27 0.9,0

18.9(189):48831(4.79622,7.76656,0.0271976),37949(-2.2817,-1.77322,-2.53879)
0 1 2 3 4 5 6 7 8 9 10 11 12 13 14 15 16 17 18 19 20 21 22 23 24 25 26 27 28 29 30 31 32 33 34 35 36 37 38 39 40 41 42 43 44 45 46 47 48 , 27 0.9,0

19(190):48831(4.88619,7.76901,0.0271976),37949(-2.33875,-1.75055,-2.53879)
0 1 2 3 4 5 6 7 8 9 10 11 12 13 14 15 16 17 18 19 20 21 22 23 24 25 26 27 28 29 30 31 32 33 34 35 36 37 38 39 40 41 42 43 44 45 46 47 48 , 27 0.9,0

19.1(191):48832(4.97616,7.77146,0.0271976),38009(-2.3958,-1.72787,-2.53879)
0 1 2 3 4 5 6 7 8 9 10 11 12 13 14 15 16 17 18 19 20 21 22 23 24 25 26 27 28 29 30 31 32 33 34 35 36 37 38 39 40 41 42 43 44 45 46 47 48 , 27 0.9,0

19.2(192):48832(5.06612,7.7739,0.0271976),38008(-2.45285,-1.70519,-2.53879)
0 1 2 3 4 5 6 7 8 9 10 11 12 13 14 15 16 17 18 19 20 21 22 23 24 25 26 27 28 29 30 31 32 33 34 35 36 37 38 39 40 41 42 43 44 45 46 47 48 , 27 0.9,0

t0=24.7,xb=(5.56589,6.55916,0.597198)
24.7(247):53731(5.56589,6.55916,0.597198),17449(-2.67543,1.17487,-3.10879)
0 1 2 3 4 5 6 7 8 9 10 11 12 13 14 15 16 17 18 19 20 21 22 23 24 25 26 27 28 29 30 31 32 33 34 35 36 37 38 39 40 41 42 43 44 45 46 47 48 , 0 1 2 3 4 5 6 7 8 9 10 11 12 13 14 15 16 17 18 19 20 21 22 23 24 25 26 27 28 29 30 31 32 33 34 35 36 37 38 39 40 41 42 43 44 45 46 47 48 
21 -0.9,0;21 -0.9,0 0;21 -0.9,0

24.8(248):53730(5.49146,6.50855,0.597198),17451(-2.54546,1.17618,-3.10879)
0 1 2 3 4 5 6 7 8 9 10 11 12 13 14 15 16 17 18 19 20 21 22 23 24 25 26 27 28 29 30 31 32 33 34 35 36 37 38 39 40 41 42 43 44 45 46 47 48 , 0 1 2 3 4 5 6 7 8 9 10 11 12 13 14 15 16 17 18 19 20 21 22 23 24 25 26 27 28 29 30 31 32 33 34 35 36 37 38 39 40 41 42 43 44 45 46 47 48 
35 -0.9,0.6;35 -0.9,0.6 0;35 -0.9,0.6

24.9(249):56280(5.4186,6.45574,0.657198),248216(-2.34042,1.32291,3.1144)
0 1 2 3 4 5 6 7 8 9 10 11 12 13 14 15 16 17 18 19 20 21 22 23 24 25 26 27 28 29 30 31 32 33 34 35 36 37 38 39 40 41 42 43 44 45 46 47 48 , 0 1 2 3 4 5 6 7 8 9 10 11 12 13 14 15 16 17 18 19 20 21 22 23 24 25 26 27 28 29 30 31 32 33 34 35 36 37 38 39 40 41 42 43 44 45 46 47 48 
7 -0.9,-0.6;7 -0.9,-0.6 0;7 -0.9,-0.6

25(250):53679(5.34574,6.40293,0.597198),17453(-2.28561,1.1842,-3.10879)
0 1 2 3 4 5 6 7 8 9 10 11 12 13 14 15 16 17 18 19 20 21 22 23 24 25 26 27 28 29 30 31 32 33 34 35 36 37 38 39 40 41 42 43 44 45 46 47 48 , 0 1 2 3 4 5 6 7 8 9 10 11 12 13 14 15 16 17 18 19 20 21 22 23 24 25 26 27 28 29 30 31 32 33 34 35 36 37 38 39 40 41 42 43 44 45 46 47 48 
35 -0.9,0.6;35 -0.9,0.6 0;35 -0.9,0.6

25.1(251):56279(5.27288,6.35012,0.657198),248218(-2.08055,1.31534,3.1144)
0 1 2 3 4 5 6 7 8 9 10 11 12 13 14 15 16 17 18 19 20 21 22 23 24 25 26 27 28 29 30 31 32 33 34 35 36 37 38 39 40 41 42 43 44 45 46 47 48 , 0 1 2 3 4 5 6 7 8 9 10 11 12 13 14 15 16 17 18 19 20 21 22 23 24 25 26 27 28 29 30 31 32 33 34 35 36 37 38 39 40 41 42 43 44 45 46 47 48 
44 -0.3,0.9;44 -0.3,0.9 0;44 -0.3,0.9

25.2(252):56279(5.24999,6.33075,0.747198),244621(-1.88423,1.49099,3.0244)
0 1 2 3 4 5 6 7 8 9 10 11 12 13 14 15 16 17 18 19 20 21 22 23 24 25 26 27 28 29 30 31 32 33 34 35 36 37 38 39 40 41 42 43 44 45 46 47 48 , 0 1 2 3 4 5 6 7 8 9 10 11 12 13 14 15 16 17 18 19 20 21 22 23 24 25 26 27 28 29 30 31 32 33 34 35 36 37 38 39 40 41 42 43 44 45 46 47 48 
44 -0.3,0.9;44 -0.3,0.9 0;44 -0.3,0.9

25.3(253):58880(5.22893,6.3094,0.837198),241023(-1.75178,1.66118,2.9344)
0 1 2 3 4 5 6 7 8 9 10 11 12 13 14 15 16 17 18 19 20 21 22 23 24 25 26 27 28 29 30 31 32 33 34 35 36 37 38 39 40 41 42 43 44 45 46 47 48 , 0 1 2 3 4 5 6 7 8 9 10 11 12 13 14 15 16 17 18 19 20 21 22 23 24 25 26 27 28 29 30 31 32 33 34 35 36 37 38 39 40 41 42 43 44 45 46 47 48 
42 -0.9,0.9;42 -0.9,0.9 0;42 -0.9,0.9

25.4(254):58829(5.17176,6.23993,0.927198),237366(-1.54375,1.81957,2.8444)
0 1 2 3 4 5 6 7 8 9 10 11 12 13 14 15 16 17 18 19 20 21 22 23 24 25 26 27 28 29 30 31 32 33 34 35 36 37 38 39 40 41 42 43 44 45 46 47 48 , 0 1 2 3 4 5 6 7 8 9 10 11 12 13 14 15 16 17 18 19 20 21 22 23 24 25 26 27 28 29 30 31 32 33 34 35 36 37 38 39 40 41 42 43 44 45 46 47 48 
42 -0.9,0.9;42 -0.9,0.9 0;42 -0.9,0.9

25.5(255):61430(5.12106,6.1656,1.0172),237490(-1.32112,1.96202,2.7544)
0 1 2 3 4 5 6 7 8 9 10 11 12 13 14 15 16 17 18 19 20 21 22 23 24 25 26 27 28 29 30 31 32 33 34 35 36 37 38 39 40 41 42 43 44 45 46 47 48 , 0 1 2 3 4 5 6 7 8 9 10 11 12 13 14 15 16 17 18 19 20 21 22 23 24 25 26 27 28 29 30 31 32 33 34 35 36 37 38 39 40 41 42 43 44 45 46 47 48 
42 -0.9,0.9;42 -0.9,0.9 0;42 -0.9,0.9

25.6(256):61378(5.07725,6.08702,1.1072),233832(-1.08509,2.08714,2.6644)
0 1 2 3 4 5 6 7 8 9 10 11 12 13 14 15 16 17 18 19 20 21 22 23 24 25 26 27 28 29 30 31 32 33 34 35 36 37 38 39 40 41 42 43 44 45 46 47 48 , 0 1 2 3 4 5 6 7 8 9 10 11 12 13 14 15 16 17 18 19 20 21 22 23 24 25 26 27 28 29 30 31 32 33 34 35 36 37 38 39 40 41 42 43 44 45 46 47 48 
42 -0.9,0.9;42 -0.9,0.9 0;42 -0.9,0.9

25.7(257):61378(5.04068,6.00482,1.1972),230175(-0.836962,2.19366,2.5744)
0 1 2 3 4 5 6 7 8 9 10 11 12 13 14 15 16 17 18 19 20 21 22 23 24 25 26 27 28 29 30 31 32 33 34 35 36 37 38 39 40 41 42 43 44 45 46 47 48 , 0 1 2 3 4 5 6 7 8 9 10 11 12 13 14 15 16 17 18 19 20 21 22 23 24 25 26 27 28 29 30 31 32 33 34 35 36 37 38 39 40 41 42 43 44 45 46 47 48 
42 -0.9,0.9;42 -0.9,0.9 0;42 -0.9,0.9

25.8(258):63979(5.01164,5.91966,1.2872),226517(-0.578202,2.2804,2.4844)
0 1 2 3 4 5 6 7 8 9 10 11 12 13 14 15 16 17 18 19 20 21 22 23 24 25 26 27 28 29 30 31 32 33 34 35 36 37 38 39 40 41 42 43 44 45 46 47 48 , 0 1 2 3 4 5 6 7 8 9 10 11 12 13 14 15 16 17 18 19 20 21 22 23 24 25 26 27 28 29 30 31 32 33 34 35 36 37 38 39 40 41 42 43 44 45 46 47 48 
35 -0.9,0.6;35 -0.9,0.6 0;35 -0.9,0.6

25.9(259):63928(4.98907,5.83255,1.3472),222798(-0.380619,2.33456,2.4244)
0 1 2 3 4 5 6 7 8 9 10 11 12 13 14 15 16 17 18 19 20 21 22 23 24 25 26 27 28 29 30 31 32 33 34 35 36 37 38 39 40 41 42 43 44 45 46 47 48 , 0 1 2 3 4 5 6 7 8 9 10 11 12 13 14 15 16 17 18 19 20 21 22 23 24 25 26 27 28 29 30 31 32 33 34 35 36 37 38 39 40 41 42 43 44 45 46 47 48 
42 -0.9,0.9;42 -0.9,0.9 0;42 -0.9,0.9

26(260):66529(4.97308,5.74402,1.4372),219141(-0.107035,2.38417,2.3344)
0 1 2 3 4 5 6 7 8 9 10 11 12 13 14 15 16 17 18 19 20 21 22 23 24 25 26 27 28 29 30 31 32 33 34 35 36 37 38 39 40 41 42 43 44 45 46 47 48 , 0 1 2 3 4 5 6 7 8 9 10 11 12 13 14 15 16 17 18 19 20 21 22 23 24 25 26 27 28 29 30 31 32 33 34 35 36 37 38 39 40 41 42 43 44 45 46 47 48 
21 -0.9,0;21 -0.9,0 0;21 -0.9,0

26.1(261):66478(4.96109,5.65482,1.4372),219142(-0.0446957,2.41306,2.3344)
0 1 2 3 4 5 6 7 8 9 10 11 12 13 14 15 16 17 18 19 20 21 22 23 24 25 26 27 28 29 30 31 32 33 34 35 36 37 38 39 40 41 42 43 44 45 46 47 48 , 0 1 2 3 4 5 6 7 8 9 10 11 12 13 14 15 16 17 18 19 20 21 22 23 24 25 26 27 28 29 30 31 32 33 34 35 36 37 38 39 40 41 42 43 44 45 46 47 48 
21 -0.9,0;21 -0.9,0 0;21 -0.9,0

26.2(262):66478(4.94911,5.56562,1.4372),219143(0.0729653,2.38417,2.3344)
0 1 2 3 4 5 6 7 8 9 10 11 12 13 14 15 16 17 18 19 20 21 22 23 24 25 26 27 28 29 30 31 32 33 34 35 36 37 38 39 40 41 42 43 44 45 46 47 48 , 0 1 2 3 4 5 6 7 8 9 10 11 12 13 14 15 16 17 18 19 20 21 22 23 24 25 26 27 28 29 30 31 32 33 34 35 36 37 38 39 40 41 42 43 44 45 46 47 48 
21 -0.9,0;21 -0.9,0 0;21 -0.9,0

26.3(263):66427(4.93712,5.47642,1.4372),219144(0.190626,2.35527,2.3344)
0 1 2 3 4 5 6 7 8 9 10 11 12 13 14 15 16 17 18 19 20 21 22 23 24 25 26 27 28 29 30 31 32 33 34 35 36 37 38 39 40 41 42 43 44 45 46 47 48 , 0 1 2 3 4 5 6 7 8 9 10 11 12 13 14 15 16 17 18 19 20 21 22 23 24 25 26 27 28 29 30 31 32 33 34 35 36 37 38 39 40 41 42 43 44 45 46 47 48 
21 -0.9,0;21 -0.9,0 0;21 -0.9,0

26.4(264):66427(4.92513,5.38722,1.4372),219084(0.308287,2.32638,2.3344)
0 1 2 3 4 5 6 7 8 9 10 11 12 13 14 15 16 17 18 19 20 21 22 23 24 25 26 27 28 29 30 31 32 33 34 35 36 37 38 39 40 41 42 43 44 45 46 47 48 , 0 1 2 3 4 5 6 7 8 9 10 11 12 13 14 15 16 17 18 19 20 21 22 23 24 25 26 27 28 29 30 31 32 33 34 35 36 37 38 39 40 41 42 43 44 45 46 47 48 
21 -0.9,0;21 -0.9,0 0;21 -0.9,0

26.5(265):66376(4.91314,5.29803,1.4372),219085(0.425948,2.29748,2.3344)
0 1 2 3 4 5 6 7 8 9 10 11 12 13 14 15 16 17 18 19 20 21 22 23 24 25 26 27 28 29 30 31 32 33 34 35 36 37 38 39 40 41 42 43 44 45 46 47 48 , 0 1 2 3 4 5 6 7 8 9 10 11 12 13 14 15 16 17 18 19 20 21 22 23 24 25 26 27 28 29 30 31 32 33 34 35 36 37 38 39 40 41 42 43 44 45 46 47 48 
21 -0.9,0;21 -0.9,0 0;21 -0.9,0

26.6(266):66376(4.90115,5.20883,1.4372),219086(0.543609,2.26859,2.3344)
0 1 2 3 4 5 6 7 8 9 10 11 12 13 14 15 16 17 18 19 20 21 22 23 24 25 26 27 28 29 30 31 32 33 34 35 36 37 38 39 40 41 42 43 44 45 46 47 48 , 0 1 2 3 4 5 6 7 8 9 10 11 12 13 14 15 16 17 18 19 20 21 22 23 24 25 26 27 28 29 30 31 32 33 34 35 36 37 38 39 40 41 42 43 44 45 46 47 48 
21 -0.9,0;21 -0.9,0 0;21 -0.9,0

26.7(267):66375(4.88916,5.11963,1.4372),219027(0.66127,2.2397,2.3344)
0 1 2 3 4 5 6 7 8 9 10 11 12 13 14 15 16 17 18 19 20 21 22 23 24 25 26 27 28 29 30 31 32 33 34 35 36 37 38 39 40 41 42 43 44 45 46 47 48 , 0 1 2 3 4 5 6 7 8 9 10 11 12 13 14 15 16 17 18 19 20 21 22 23 24 25 26 27 28 29 30 31 32 33 34 35 36 37 38 39 40 41 42 43 44 45 46 47 48 
21 -0.9,0;21 -0.9,0 0;21 -0.9,0

26.8(268):66324(4.87718,5.03043,1.4372),219028(0.778931,2.2108,2.3344)
0 1 2 3 4 5 6 7 8 9 10 11 12 13 14 15 16 17 18 19 20 21 22 23 24 25 26 27 28 29 30 31 32 33 34 35 36 37 38 39 40 41 42 43 44 45 46 47 48 , 0 1 2 3 4 5 6 7 8 9 10 11 12 13 14 15 16 17 18 19 20 21 22 23 24 25 26 27 28 29 30 31 32 33 34 35 36 37 38 39 40 41 42 43 44 45 46 47 48 
21 -0.9,0;21 -0.9,0 0;21 -0.9,0

26.9(269):66324(4.86519,4.94123,1.4372),219029(0.896592,2.18191,2.3344)
0 1 2 3 4 5 6 7 8 9 10 11 12 13 14 15 16 17 18 19 20 21 22 23 24 25 26 27 28 29 30 31 32 33 34 35 36 37 38 39 40 41 42 43 44 45 46 47 48 , 0 1 2 3 4 5 6 7 8 9 10 11 12 13 14 15 16 17 18 19 20 21 22 23 24 25 26 27 28 29 30 31 32 33 34 35 36 37 38 39 40 41 42 43 44 45 46 47 48 
21 -0.9,0;21 -0.9,0 0;21 -0.9,0

27(270):66273(4.8532,4.85204,1.4372),219030(1.01425,2.15301,2.3344)
0 1 2 3 4 5 6 7 8 9 10 11 12 13 14 15 16 17 18 19 20 21 22 23 24 25 26 27 28 29 30 31 32 33 34 35 36 37 38 39 40 41 42 43 44 45 46 47 48 , 0 1 2 3 4 5 6 7 8 9 10 11 12 13 14 15 16 17 18 19 20 21 22 23 24 25 26 27 28 29 30 31 32 33 34 35 36 37 38 39 40 41 42 43 44 45 46 47 48 
21 -0.9,0;21 -0.9,0 0;21 -0.9,0

27.1(271):66273(4.84121,4.76284,1.4372),219031(1.07659,2.18191,2.3344)
0 1 2 3 4 5 6 7 8 9 10 11 12 13 14 15 16 17 18 19 20 21 22 23 24 25 26 27 28 29 30 31 32 33 34 35 36 37 38 39 40 41 42 43 44 45 46 47 48 , 0 1 2 3 4 5 6 7 8 9 10 11 12 13 14 15 16 17 18 19 20 21 22 23 24 25 26 27 28 29 30 31 32 33 34 35 36 37 38 39 40 41 42 43 44 45 46 47 48 
21 -0.9,0;21 -0.9,0 0;21 -0.9,0

27.2(272):66222(4.82922,4.67364,1.4372),219031(1.13893,2.2108,2.3344)
0 1 2 3 4 5 6 7 8 9 10 11 12 13 14 15 16 17 18 19 20 21 22 23 24 25 26 27 28 29 30 31 32 33 34 35 36 37 38 39 40 41 42 43 44 45 46 47 48 , 0 1 2 3 4 5 6 7 8 9 10 11 12 13 14 15 16 17 18 19 20 21 22 23 24 25 26 27 28 29 30 31 32 33 34 35 36 37 38 39 40 41 42 43 44 45 46 47 48 
35 -0.9,0.6;35 -0.9,0.6 0;35 -0.9,0.6

27.3(273):66222(4.81992,4.58414,1.4972),219033(1.33352,2.16633,2.2744)
0 1 2 3 4 5 6 7 8 9 10 11 12 13 14 15 16 17 18 19 20 21 22 23 24 25 26 27 28 29 30 31 32 33 34 35 36 37 38 39 40 41 42 43 44 45 46 47 48 , 0 1 2 3 4 5 6 7 8 9 10 11 12 13 14 15 16 17 18 19 20 21 22 23 24 25 26 27 28 29 30 31 32 33 34 35 36 37 38 39 40 41 42 43 44 45 46 47 48 
35 -0.9,0.6;35 -0.9,0.6 0;35 -0.9,0.6

27.4(274):66171(4.816,4.49424,1.5572),215253(1.52696,2.11177,2.2144)
0 1 2 3 4 5 6 7 8 9 10 11 12 13 14 15 16 17 18 19 20 21 22 23 24 25 26 27 28 29 30 31 32 33 34 35 36 37 38 39 40 41 42 43 44 45 46 47 48 , 0 1 2 3 4 5 6 7 8 9 10 11 12 13 14 15 16 17 18 19 20 21 22 23 24 25 26 27 28 29 30 31 32 33 34 35 36 37 38 39 40 41 42 43 44 45 46 47 48 
35 -0.9,0.6;35 -0.9,0.6 0;35 -0.9,0.6

27.5(275):68772(4.81747,4.40426,1.6172),215194(1.71875,2.04708,2.1544)
0 1 2 3 4 5 6 7 8 9 10 11 12 13 14 15 16 17 18 19 20 21 22 23 24 25 26 27 28 29 30 31 32 33 34 35 36 37 38 39 40 41 42 43 44 45 46 47 48 , 0 1 2 3 4 5 6 7 8 9 10 11 12 13 14 15 16 17 18 19 20 21 22 23 24 25 26 27 28 29 30 31 32 33 34 35 36 37 38 39 40 41 42 43 44 45 46 47 48 
21 -0.9,0;21 -0.9,0 0;21 -0.9,0

27.6(276):68772(4.82165,4.31436,1.6172),215256(1.78671,2.08046,2.1544)
0 1 2 3 4 5 6 7 8 9 10 11 12 13 14 15 16 17 18 19 20 21 22 23 24 25 26 27 28 29 30 31 32 33 34 35 36 37 38 39 40 41 42 43 44 45 46 47 48 , 0 1 2 3 4 5 6 7 8 9 10 11 12 13 14 15 16 17 18 19 20 21 22 23 24 25 26 27 28 29 30 31 32 33 34 35 36 37 38 39 40 41 42 43 44 45 46 47 48 
21 -0.9,0;21 -0.9,0 0;21 -0.9,0

27.7(277):68721(4.82582,4.22445,1.6172),215257(1.85467,2.11384,2.1544)
0 1 2 3 4 5 6 7 8 9 10 11 12 13 14 15 16 17 18 19 20 21 22 23 24 25 26 27 28 29 30 31 32 33 34 35 36 37 38 39 40 41 42 43 44 45 46 47 48 , 0 1 2 3 4 5 6 7 8 9 10 11 12 13 14 15 16 17 18 19 20 21 22 23 24 25 26 27 28 29 30 31 32 33 34 35 36 37 38 39 40 41 42 43 44 45 46 47 48 
21 -0.9,0;21 -0.9,0 0;21 -0.9,0

27.8(278):68721(4.83,4.13455,1.6172),215257(1.92263,2.14722,2.1544)
0 1 2 3 4 5 6 7 8 9 10 11 12 13 14 15 16 17 18 19 20 21 22 23 24 25 26 27 28 29 30 31 32 33 34 35 36 37 38 39 40 41 42 43 44 45 46 47 48 , 0 1 2 3 4 5 6 7 8 9 10 11 12 13 14 15 16 17 18 19 20 21 22 23 24 25 26 27 28 29 30 31 32 33 34 35 36 37 38 39 40 41 42 43 44 45 46 47 48 
21 -0.9,0;21 -0.9,0 0;21 -0.9,0

t0=27.9,xb=(4.83417,4.04465,1.6172)
27.9(279):68670(4.83417,4.04465,1.6172),215319(1.99059,2.1806,2.1544)
0 1 2 3 4 5 6 7 8 9 10 11 12 13 14 15 16 17 18 19 20 21 22 23 24 25 26 27 28 29 30 31 32 33 34 35 36 37 38 39 40 41 42 43 44 45 46 47 48 , 0 1 2 3 4 5 6 7 8 9 10 11 12 13 14 15 16 17 18 19 20 21 22 23 24 25 26 27 28 29 30 31 32 33 34 35 36 37 38 39 40 41 42 43 44 45 46 47 48 
21 -0.9,0;21 -0.9,0 0;21 -0.9,0

t0=36.8,xb=(4.46134,3.68465,1.9772)
36.8(368):71167(4.46134,3.68465,1.9772),199589(2.82331,0.815808,1.7944)
0 1 2 3 4 5 6 7 8 9 10 11 12 13 14 15 16 17 18 19 20 21 22 23 24 25 26 27 28 29 30 31 32 33 34 35 36 37 38 39 40 41 42 43 44 45 46 47 48 , 0 1 2 3 4 5 6 7 8 9 10 11 12 13 14 15 16 17 18 19 20 21 22 23 24 25 26 27 28 29 30 31 32 33 34 35 36 37 38 39 40 41 42 43 44 45 46 47 48 
27 0.9,0;27 0.9,0 0;27 0.9,0

36.9(369):71218(4.42576,3.76732,1.9772),199649(2.72444,0.854812,1.7944)
0 1 2 3 4 5 6 7 8 9 10 11 12 13 14 15 16 17 18 19 20 21 22 23 24 25 26 27 28 29 30 31 32 33 34 35 36 37 38 39 40 41 42 43 44 45 46 47 48 , 0 1 2 3 4 5 6 7 8 9 10 11 12 13 14 15 16 17 18 19 20 21 22 23 24 25 26 27 28 29 30 31 32 33 34 35 36 37 38 39 40 41 42 43 44 45 46 47 48 
27 0.9,0;27 0.9,0 0;27 0.9,0

37(370):71218(4.39018,3.84999,1.9772),199587(2.64331,0.815808,1.7944)
0 1 2 3 4 5 6 7 8 9 10 11 12 13 14 15 16 17 18 19 20 21 22 23 24 25 26 27 28 29 30 31 32 33 34 35 36 37 38 39 40 41 42 43 44 45 46 47 48 , 0 1 2 3 4 5 6 7 8 9 10 11 12 13 14 15 16 17 18 19 20 21 22 23 24 25 26 27 28 29 30 31 32 33 34 35 36 37 38 39 40 41 42 43 44 45 46 47 48 
27 0.9,0;27 0.9,0 0;27 0.9,0

37.1(371):71269(4.3546,3.93266,1.9772),199587(2.56218,0.776804,1.7944)
0 1 2 3 4 5 6 7 8 9 10 11 12 13 14 15 16 17 18 19 20 21 22 23 24 25 26 27 28 29 30 31 32 33 34 35 36 37 38 39 40 41 42 43 44 45 46 47 48 , 0 1 2 3 4 5 6 7 8 9 10 11 12 13 14 15 16 17 18 19 20 21 22 23 24 25 26 27 28 29 30 31 32 33 34 35 36 37 38 39 40 41 42 43 44 45 46 47 48 
27 0.9,0;27 0.9,0 0;27 0.9,0

37.2(372):71269(4.31903,4.01533,1.9772),199525(2.48105,0.737799,1.7944)
0 1 2 3 4 5 6 7 8 9 10 11 12 13 14 15 16 17 18 19 20 21 22 23 24 25 26 27 28 29 30 31 32 33 34 35 36 37 38 39 40 41 42 43 44 45 46 47 48 , 0 1 2 3 4 5 6 7 8 9 10 11 12 13 14 15 16 17 18 19 20 21 22 23 24 25 26 27 28 29 30 31 32 33 34 35 36 37 38 39 40 41 42 43 44 45 46 47 48 
27 0.9,0;27 0.9,0 0;27 0.9,0

37.3(373):71268(4.28345,4.098,1.9772),199524(2.39992,0.698795,1.7944)
0 1 2 3 4 5 6 7 8 9 10 11 12 13 14 15 16 17 18 19 20 21 22 23 24 25 26 27 28 29 30 31 32 33 34 35 36 37 38 39 40 41 42 43 44 45 46 47 48 , 0 1 2 3 4 5 6 7 8 9 10 11 12 13 14 15 16 17 18 19 20 21 22 23 24 25 26 27 28 29 30 31 32 33 34 35 36 37 38 39 40 41 42 43 44 45 46 47 48 
27 0.9,0;27 0.9,0 0;27 0.9,0

37.4(374):71319(4.24787,4.18067,1.9772),199523(2.31879,0.659791,1.7944)
0 1 2 3 4 5 6 7 8 9 10 11 12 13 14 15 16 17 18 19 20 21 22 23 24 25 26 27 28 29 30 31 32 33 34 35 36 37 38 39 40 41 42 43 44 45 46 47 48 , 0 1 2 3 4 5 6 7 8 9 10 11 12 13 14 15 16 17 18 19 20 21 22 23 24 25 26 27 28 29 30 31 32 33 34 35 36 37 38 39 40 41 42 43 44 45 46 47 48 
27 0.9,0;27 0.9,0 0;27 0.9,0

37.5(375):71319(4.21229,4.26334,1.9772),199461(2.23766,0.620787,1.7944)
0 1 2 3 4 5 6 7 8 9 10 11 12 13 14 15 16 17 18 19 20 21 22 23 24 25 26 27 28 29 30 31 32 33 34 35 36 37 38 39 40 41 42 43 44 45 46 47 48 , 0 1 2 3 4 5 6 7 8 9 10 11 12 13 14 15 16 17 18 19 20 21 22 23 24 25 26 27 28 29 30 31 32 33 34 35 36 37 38 39 40 41 42 43 44 45 46 47 48 
27 0.9,0;27 0.9,0 0;27 0.9,0

37.6(376):71370(4.17672,4.34601,1.9772),199461(2.15653,0.581783,1.7944)
0 1 2 3 4 5 6 7 8 9 10 11 12 13 14 15 16 17 18 19 20 21 22 23 24 25 26 27 28 29 30 31 32 33 34 35 36 37 38 39 40 41 42 43 44 45 46 47 48 , 0 1 2 3 4 5 6 7 8 9 10 11 12 13 14 15 16 17 18 19 20 21 22 23 24 25 26 27 28 29 30 31 32 33 34 35 36 37 38 39 40 41 42 43 44 45 46 47 48 
27 0.9,0;27 0.9,0 0;27 0.9,0

37.7(377):71370(4.14114,4.42868,1.9772),199399(2.0754,0.542778,1.7944)
0 1 2 3 4 5 6 7 8 9 10 11 12 13 14 15 16 17 18 19 20 21 22 23 24 25 26 27 28 29 30 31 32 33 34 35 36 37 38 39 40 41 42 43 44 45 46 47 48 , 0 1 2 3 4 5 6 7 8 9 10 11 12 13 14 15 16 17 18 19 20 21 22 23 24 25 26 27 28 29 30 31 32 33 34 35 36 37 38 39 40 41 42 43 44 45 46 47 48 
27 0.9,0;27 0.9,0 0;27 0.9,0

37.8(378):71421(4.10556,4.51135,1.9772),199398(1.99427,0.503774,1.7944)
0 1 2 3 4 5 6 7 8 9 10 11 12 13 14 15 16 17 18 19 20 21 22 23 24 25 26 27 28 29 30 31 32 33 34 35 36 37 38 39 40 41 42 43 44 45 46 47 48 , 0 1 2 3 4 5 6 7 8 9 10 11 12 13 14 15 16 17 18 19 20 21 22 23 24 25 26 27 28 29 30 31 32 33 34 35 36 37 38 39 40 41 42 43 44 45 46 47 48 
27 0.9,0;27 0.9,0 0;27 0.9,0

37.9(379):71420(4.06998,4.59402,1.9772),199397(1.8954,0.542778,1.7944)
0 1 2 3 4 5 6 7 8 9 10 11 12 13 14 15 16 17 18 19 20 21 22 23 24 25 26 27 28 29 30 31 32 33 34 35 36 37 38 39 40 41 42 43 44 45 46 47 48 , 0 1 2 3 4 5 6 7 8 9 10 11 12 13 14 15 16 17 18 19 20 21 22 23 24 25 26 27 28 29 30 31 32 33 34 35 36 37 38 39 40 41 42 43 44 45 46 47 48 
27 0.9,0;27 0.9,0 0;27 0.9,0

38(380):71420(4.03441,4.67669,1.9772),199457(1.79653,0.581783,1.7944)
0 1 2 3 4 5 6 7 8 9 10 11 12 13 14 15 16 17 18 19 20 21 22 23 24 25 26 27 28 29 30 31 32 33 34 35 36 37 38 39 40 41 42 43 44 45 46 47 48 , 0 1 2 3 4 5 6 7 8 9 10 11 12 13 14 15 16 17 18 19 20 21 22 23 24 25 26 27 28 29 30 31 32 33 34 35 36 37 38 39 40 41 42 43 44 45 46 47 48 
27 0.9,0;27 0.9,0 0;27 0.9,0

38.1(381):71471(3.99883,4.75936,1.9772),199456(1.69766,0.620787,1.7944)
0 1 2 3 4 5 6 7 8 9 10 11 12 13 14 15 16 17 18 19 20 21 22 23 24 25 26 27 28 29 30 31 32 33 34 35 36 37 38 39 40 41 42 43 44 45 46 47 48 , 0 1 2 3 4 5 6 7 8 9 10 11 12 13 14 15 16 17 18 19 20 21 22 23 24 25 26 27 28 29 30 31 32 33 34 35 36 37 38 39 40 41 42 43 44 45 46 47 48 
27 0.9,0;27 0.9,0 0;27 0.9,0

38.2(382):71471(3.96325,4.84203,1.9772),199516(1.59879,0.659791,1.7944)
0 1 2 3 4 5 6 7 8 9 10 11 12 13 14 15 16 17 18 19 20 21 22 23 24 25 26 27 28 29 30 31 32 33 34 35 36 37 38 39 40 41 42 43 44 45 46 47 48 , 0 1 2 3 4 5 6 7 8 9 10 11 12 13 14 15 16 17 18 19 20 21 22 23 24 25 26 27 28 29 30 31 32 33 34 35 36 37 38 39 40 41 42 43 44 45 46 47 48 
27 0.9,0;27 0.9,0 0;27 0.9,0

38.3(383):71522(3.92767,4.9247,1.9772),199515(1.49992,0.698795,1.7944)
0 1 2 3 4 5 6 7 8 9 10 11 12 13 14 15 16 17 18 19 20 21 22 23 24 25 26 27 28 29 30 31 32 33 34 35 36 37 38 39 40 41 42 43 44 45 46 47 48 , 0 1 2 3 4 5 6 7 8 9 10 11 12 13 14 15 16 17 18 19 20 21 22 23 24 25 26 27 28 29 30 31 32 33 34 35 36 37 38 39 40 41 42 43 44 45 46 47 48 
27 0.9,0;27 0.9,0 0;27 0.9,0

38.4(384):71521(3.8921,5.00737,1.9772),199514(1.40105,0.737799,1.7944)
0 1 2 3 4 5 6 7 8 9 10 11 12 13 14 15 16 17 18 19 20 21 22 23 24 25 26 27 28 29 30 31 32 33 34 35 36 37 38 39 40 41 42 43 44 45 46 47 48 , 0 1 2 3 4 5 6 7 8 9 10 11 12 13 14 15 16 17 18 19 20 21 22 23 24 25 26 27 28 29 30 31 32 33 34 35 36 37 38 39 40 41 42 43 44 45 46 47 48 
27 0.9,0;27 0.9,0 0;27 0.9,0

38.5(385):71521(3.85652,5.09004,1.9772),199574(1.30218,0.776804,1.7944)
0 1 2 3 4 5 6 7 8 9 10 11 12 13 14 15 16 17 18 19 20 21 22 23 24 25 26 27 28 29 30 31 32 33 34 35 36 37 38 39 40 41 42 43 44 45 46 47 48 , 0 1 2 3 4 5 6 7 8 9 10 11 12 13 14 15 16 17 18 19 20 21 22 23 24 25 26 27 28 29 30 31 32 33 34 35 36 37 38 39 40 41 42 43 44 45 46 47 48 
27 0.9,0;27 0.9,0 0;27 0.9,0

38.6(386):71572(3.82094,5.1727,1.9772),199573(1.20331,0.815808,1.7944)
0 1 2 3 4 5 6 7 8 9 10 11 12 13 14 15 16 17 18 19 20 21 22 23 24 25 26 27 28 29 30 31 32 33 34 35 36 37 38 39 40 41 42 43 44 45 46 47 48 , 0 1 2 3 4 5 6 7 8 9 10 11 12 13 14 15 16 17 18 19 20 21 22 23 24 25 26 27 28 29 30 31 32 33 34 35 36 37 38 39 40 41 42 43 44 45 46 47 48 
27 0.9,0;27 0.9,0 0;27 0.9,0

38.7(387):71572(3.78536,5.25537,1.9772),199633(1.10444,0.854812,1.7944)
0 1 2 3 4 5 6 7 8 9 10 11 12 13 14 15 16 17 18 19 20 21 22 23 24 25 26 27 28 29 30 31 32 33 34 35 36 37 38 39 40 41 42 43 44 45 46 47 48 , 0 1 2 3 4 5 6 7 8 9 10 11 12 13 14 15 16 17 18 19 20 21 22 23 24 25 26 27 28 29 30 31 32 33 34 35 36 37 38 39 40 41 42 43 44 45 46 47 48 
27 0.9,0;27 0.9,0 0;27 0.9,0

38.8(388):71623(3.74979,5.33804,1.9772),199571(1.02331,0.815808,1.7944)
0 1 2 3 4 5 6 7 8 9 10 11 12 13 14 15 16 17 18 19 20 21 22 23 24 25 26 27 28 29 30 31 32 33 34 35 36 37 38 39 40 41 42 43 44 45 46 47 48 , 0 1 2 7 8 9 10 14 15 16 17 18 21 22 23 24 25 26 27 28 29 30 31 32 33 34 35 36 37 38 39 40 41 42 43 44 45 46 47 48 
27 0.9,0;27 0.9,0 0;27 0.9,0

38.9(389):71623(3.71421,5.42071,1.9772),199570(0.94218,0.776804,1.7944)
0 1 2 3 4 5 6 7 8 9 10 11 12 13 14 15 16 17 18 19 20 21 22 23 24 25 26 27 28 29 30 31 32 33 34 35 36 37 38 39 40 41 42 43 44 45 46 47 48 , 7 14 15 21 22 23 24 25 26 28 29 30 35 36 37 38 42 43 44 45 46 47 48 
27 0.9,0;26 0.6,0 0.09;26 0.6,0

39(390):71622(3.69049,5.47583,1.9772),199509(0.891049,0.737799,1.7944)
0 1 2 3 4 5 6 7 8 9 10 11 12 13 14 15 16 17 18 19 20 21 22 23 24 25 26 27 28 29 30 31 32 33 34 35 36 37 38 39 40 41 42 43 44 45 46 47 48 , 7 14 15 21 22 23 28 29 30 35 36 37 38 42 43 44 45 
27 0.9,0;38 0,0.6 1.17;38 0,0.6

39.1(391):74223(3.69049,5.47583,2.0372),195727(0.940202,0.643575,1.7344)
0 1 2 3 4 5 6 7 8 9 10 11 12 13 14 15 16 17 18 19 20 21 22 23 24 25 26 27 28 29 30 31 32 33 34 35 36 37 38 39 40 41 42 43 44 45 46 47 48 , 0 7 14 15 21 22 23 28 29 30 35 36 37 38 42 43 44 45 
6 0.9,-0.9;23 -0.3,0 2.25;23 -0.3,0

39.2(392):74224(3.70398,5.44903,2.0372),195728(0.976717,0.604109,1.7344)
0 1 2 3 4 5 6 7 8 9 10 11 12 13 14 15 16 17 18 19 20 21 22 23 24 25 26 27 28 29 30 31 32 33 34 35 36 37 38 39 40 41 42 43 44 45 46 47 48 , 0 1 2 3 7 8 9 10 11 14 15 16 17 18 19 21 22 23 24 25 26 28 29 30 31 32 33 34 35 36 37 38 39 40 41 42 43 44 45 46 47 48 
6 0.9,-0.9;11 0.3,-0.6 0.45;11 0.3,-0.6

39.3(393):71622(3.6913,5.47621,1.9772),199448(0.917622,0.621686,1.7944)
0 1 2 3 4 5 6 7 8 9 10 11 12 13 14 15 16 17 18 19 20 21 22 23 24 25 26 27 28 29 30 31 32 33 34 35 36 37 38 39 40 41 42 43 44 45 46 47 48 , 7 14 15 21 22 23 28 29 30 35 36 37 38 42 43 44 45 
27 0.9,0;38 0,0.6 1.17;38 0,0.6

39.4(394):74223(3.6913,5.47621,2.0372),195667(0.959764,0.526077,1.7344)
0 1 2 3 4 5 6 7 8 9 10 11 12 13 14 15 16 17 18 19 20 21 22 23 24 25 26 27 28 29 30 31 32 33 34 35 36 37 38 39 40 41 42 43 44 45 46 47 48 , 0 1 2 3 7 8 9 10 11 14 15 16 17 18 19 21 22 23 24 25 26 28 29 30 31 32 33 34 35 36 37 38 39 40 41 42 43 44 45 46 47 48 
6 0.9,-0.9;11 0.3,-0.6 0.45;11 0.3,-0.6

39.5(395):71673(3.67862,5.5034,1.9772),199387(0.905379,0.542778,1.7944)
0 1 2 3 4 5 6 7 8 9 10 11 12 13 14 15 16 17 18 19 20 21 22 23 24 25 26 27 28 29 30 31 32 33 34 35 36 37 38 39 40 41 42 43 44 45 46 47 48 , 0 7 14 15 21 22 23 28 29 30 35 36 37 42 43 44 45 
27 0.9,0;23 -0.3,0 1.44;23 -0.3,0

39.6(396):71622(3.69048,5.47584,1.9772),199387(0.944249,0.503774,1.7944)
0 1 2 3 4 5 6 7 8 9 10 11 12 13 14 15 16 17 18 19 20 21 22 23 24 25 26 27 28 29 30 31 32 33 34 35 36 37 38 39 40 41 42 43 44 45 46 47 48 , 0 7 14 15 21 22 23 28 29 30 35 36 37 42 43 44 45 
27 0.9,0;23 -0.3,0 1.44;23 -0.3,0

39.7(397):71623(3.70234,5.44829,1.9772),199388(0.965379,0.542778,1.7944)
0 1 2 3 4 5 6 7 8 9 10 11 12 13 14 15 16 17 18 19 20 21 22 23 24 25 26 27 28 29 30 31 32 33 34 35 36 37 38 39 40 41 42 43 44 45 46 47 48 , 0 1 2 3 7 8 9 10 11 14 15 16 17 18 21 22 23 24 25 26 28 29 30 31 32 33 35 36 37 38 39 40 41 42 43 44 45 46 47 48 
27 0.9,0;26 0.6,0 0.09;26 0.6,0

39.8(398):71673(3.67862,5.5034,1.9772),199448(0.89651,0.581782,1.7944)
0 1 2 3 4 5 6 7 8 9 10 11 12 13 14 15 16 17 18 19 20 21 22 23 24 25 26 27 28 29 30 31 32 33 34 35 36 37 38 39 40 41 42 43 44 45 46 47 48 , 7 14 15 21 22 23 28 29 30 35 36 37 38 42 43 44 45 
27 0.9,0;38 0,0.6 1.17;38 0,0.6

39.9(399):74274(3.67862,5.5034,2.0372),195727(0.923268,0.566443,1.7344)
0 1 2 3 4 5 6 7 8 9 10 11 12 13 14 15 16 17 18 19 20 21 22 23 24 25 26 27 28 29 30 31 32 33 34 35 36 37 38 39 40 41 42 43 44 45 46 47 48 , 0 7 14 15 21 22 23 28 29 30 35 36 37 38 42 43 44 45 
41 0.9,0.6;38 0,0.6 0.81;38 0,0.6

t0=40,xb=(3.67862,5.5034,2.0972)
40(400):74274(3.67862,5.5034,2.0972),195667(0.951436,0.549846,1.6744)
0 1 2 3 4 5 6 7 8 9 10 11 12 13 14 15 16 17 18 19 20 21 22 23 24 25 26 27 28 29 30 31 32 33 34 35 36 37 38 39 40 41 42 43 44 45 46 47 48 , 0 1 2 3 7 8 9 10 11 14 15 16 17 18 19 21 22 23 24 25 26 28 29 30 31 32 33 34 35 36 37 38 39 40 41 42 43 44 45 46 47 48 
41 0.9,0.6;41 0.9,0.6 0;41 0.9,0.6

40.1(401):74274(3.6311,5.57981,2.1572),191945(0.891005,0.534466,1.6144)
0 1 2 3 4 5 6 7 8 9 10 11 12 13 14 15 16 17 18 19 20 21 22 23 24 25 26 27 28 29 30 31 32 33 34 35 36 37 38 39 40 41 42 43 44 45 46 47 48 , 0 7 8 14 15 16 21 22 23 28 29 30 31 35 36 37 38 42 43 44 45 
41 0.9,0.6;38 0,0.6 0.81;38 0,0.6

40.2(402):76875(3.6311,5.57981,2.2172),191945(0.922107,0.520071,1.5544)
0 1 2 3 4 5 6 7 8 9 10 11 12 13 14 15 16 17 18 19 20 21 22 23 24 25 26 27 28 29 30 31 32 33 34 35 36 37 38 39 40 41 42 43 44 45 46 47 48 , 0 7 8 14 15 16 21 22 23 28 29 30 31 35 36 37 38 42 43 44 45 
48 0.9,0.9;45 0,0.9 0.81;45 0,0.9

40.3(403):76875(3.6311,5.57981,2.3072),188225(0.969366,0.474862,1.4644)
0 1 2 3 4 5 6 7 8 9 10 11 12 13 14 15 16 17 18 19 20 21 22 23 24 25 26 27 28 29 30 31 32 33 34 35 36 37 38 39 40 41 42 43 44 45 46 47 48 , 0 1 2 3 7 8 9 10 11 14 15 16 17 18 19 21 22 23 24 25 26 28 29 30 31 32 33 34 35 36 37 38 39 40 41 42 43 44 45 46 47 48 
48 0.9,0.9;48 0.9,0.9 0;48 0.9,0.9

40.4(404):76875(3.56773,5.64368,2.3972),184442(0.92605,0.429093,1.3744)
0 1 2 3 4 5 6 7 8 9 10 11 12 13 14 15 16 17 18 19 20 21 22 23 24 25 26 27 28 29 30 31 32 33 34 35 36 37 38 39 40 41 42 43 44 45 46 47 48 , 0 7 8 14 15 21 22 23 28 29 30 35 36 37 42 43 44 
48 0.9,0.9;44 -0.3,0.9 1.44;44 -0.3,0.9

40.5(405):79476(3.59068,5.62438,2.4872),180722(1.00213,0.381146,1.2844)
0 1 2 3 4 5 6 7 8 9 10 11 12 13 14 15 16 17 18 19 20 21 22 23 24 25 26 27 28 29 30 31 32 33 34 35 36 37 38 39 40 41 42 43 44 45 46 47 48 , 0 1 2 3 7 8 9 10 11 14 15 16 17 18 21 22 23 24 25 26 28 29 30 31 32 33 35 36 37 38 39 40 42 43 44 45 46 47 48 
48 0.9,0.9;48 0.9,0.9 0;48 0.9,0.9

40.6(406):79476(3.51691,5.67587,2.5772),176939(0.927747,0.256381,1.1944)
0 1 2 3 4 5 6 7 8 9 10 11 12 13 14 15 16 17 18 19 20 21 22 23 24 25 26 27 28 29 30 31 32 33 34 35 36 37 38 39 40 41 42 43 44 45 46 47 48 , 0 7 14 15 21 22 28 29 35 36 37 42 43 44 
48 0.9,0.9;44 -0.3,0.9 1.44;44 -0.3,0.9

40.7(407):82077(3.54294,5.66099,2.6672),173097(0.959008,0.134882,1.1044)
0 1 2 3 4 5 6 7 8 9 10 11 12 13 14 15 16 17 18 19 20 21 22 23 24 25 26 27 28 29 30 31 32 33 34 35 36 37 38 39 40 41 42 43 44 45 46 47 48 , 0 1 2 3 4 7 8 9 10 11 14 15 16 17 18 21 22 23 24 25 28 29 30 31 32 35 36 37 38 39 42 43 44 45 46 
41 0.9,0.6;39 0.3,0.6 0.36;39 0.3,0.6

40.8(408):82077(3.51586,5.67388,2.7272),169314(0.915291,0.0434485,1.0444)
0 1 2 3 4 5 6 7 8 9 10 11 12 13 14 15 16 17 18 19 20 21 22 23 24 25 26 27 28 29 30 31 32 33 34 35 36 37 38 39 40 41 42 43 44 45 46 47 48 , 0 7 8 14 15 21 22 28 29 35 36 42 
41 0.9,0.6;36 -0.6,0.6 2.25;36 -0.6,0.6

40.9(409):82077(3.57148,5.65139,2.7872),169315(0.954079,-0.0466312,0.984395)
0 1 2 3 4 5 6 7 8 9 10 11 12 13 14 15 16 17 18 19 20 21 22 23 24 25 26 27 28 29 30 31 32 33 34 35 36 37 38 39 40 41 42 43 44 45 46 47 48 , 0 1 2 3 4 7 8 9 10 11 14 15 16 17 18 21 22 23 24 25 28 29 30 31 32 35 36 37 38 39 42 43 44 45 46 
41 0.9,0.6;39 0.3,0.6 0.36;39 0.3,0.6

41(410):84678(3.54304,5.66095,2.8472),165532(0.895491,-0.134788,0.924395)
0 1 2 3 4 5 6 7 8 9 10 11 12 13 14 15 16 17 18 19 20 21 22 23 24 25 26 27 28 29 30 31 32 33 34 35 36 37 38 39 40 41 42 43 44 45 46 47 48 , 0 7 8 14 15 21 22 28 35 42 
27 0.9,0;22 -0.6,0 2.25;22 -0.6,0

41.1(411):84678(3.60046,5.64354,2.8472),165471(0.931398,-0.166718,0.924395)
0 1 2 3 4 5 6 7 8 9 10 11 12 13 14 15 16 17 18 19 20 21 22 23 24 25 26 27 28 29 30 31 32 33 34 35 36 37 38 39 40 41 42 43 44 45 46 47 48 , 0 1 7 8 14 15 21 22 28 35 42 
27 0.9,0;22 -0.6,0 2.25;22 -0.6,0

41.2(412):84678(3.65788,5.62613,2.8472),165472(0.967306,-0.198649,0.924395)
0 1 2 3 4 5 6 7 8 9 10 11 12 13 14 15 16 17 18 19 20 21 22 23 24 25 26 27 28 29 30 31 32 33 34 35 36 37 38 39 40 41 42 43 44 45 46 47 48 , 0 1 2 3 4 7 8 9 10 11 14 15 16 17 18 21 22 23 24 25 28 29 30 31 32 35 36 37 38 42 43 44 45 
27 0.9,0;25 0.3,0 0.36;25 0.3,0

41.3(413):84678(3.62917,5.63483,2.8472),165471(0.913213,-0.230579,0.924395)
0 1 2 3 4 5 6 7 8 9 10 11 12 13 14 15 16 17 18 19 20 21 22 23 24 25 26 27 28 29 30 31 32 33 34 35 36 37 38 39 40 41 42 43 44 45 46 47 48 , 0 1 7 8 14 15 21 22 28 35 42 
27 0.9,0;22 -0.6,0 2.25;22 -0.6,0

41.4(414):84678(3.68659,5.61742,2.8472),165410(0.94912,-0.262509,0.924395)
0 1 2 3 4 5 6 7 8 9 10 11 12 13 14 15 16 17 18 19 20 21 22 23 24 25 26 27 28 29 30 31 32 33 34 35 36 37 38 39 40 41 42 43 44 45 46 47 48 , 0 1 7 8 14 15 21 22 28 35 
27 0.9,0;22 -0.6,0 2.25;22 -0.6,0

41.5(415):84679(3.74401,5.60001,2.8472),165472(1.03321,-0.230579,0.924395)
0 1 2 3 4 5 6 7 8 9 10 11 12 13 14 15 16 17 18 19 20 21 22 23 24 25 26 27 28 29 30 31 32 33 34 35 36 37 38 39 40 41 42 43 44 45 46 47 48 , 0 1 2 3 4 7 8 9 10 11 14 15 16 17 18 21 22 23 24 25 28 29 30 31 32 35 36 37 38 42 43 44 45 
41 0.9,0.6;32 0.3,0.3 0.45;32 0.3,0.3

41.6(416):84679(3.71517,5.60829,2.8772),165472(1.02088,-0.229824,0.894395)
0 1 2 3 4 5 6 7 8 9 10 11 12 13 14 15 16 17 18 19 20 21 22 23 24 25 26 27 28 29 30 31 32 33 34 35 36 37 38 39 40 41 42 43 44 45 46 47 48 , 0 1 2 3 4 7 8 9 10 11 14 15 16 17 18 21 22 23 24 25 28 29 30 31 32 35 36 37 38 42 43 44 45 
41 0.9,0.6;32 0.3,0.3 0.45;32 0.3,0.3

41.7(417):84678(3.6861,5.61569,2.9072),165472(1.00949,-0.229464,0.864395)
0 1 2 3 4 5 6 7 8 9 10 11 12 13 14 15 16 17 18 19 20 21 22 23 24 25 26 27 28 29 30 31 32 33 34 35 36 37 38 39 40 41 42 43 44 45 46 47 48 , 0 1 2 3 4 7 8 9 10 11 14 15 16 17 18 21 22 23 24 25 28 29 30 31 32 35 36 37 38 42 43 44 45 
27 0.9,0;25 0.3,0 0.36;25 0.3,0

41.8(418):84678(3.65692,5.62266,2.9072),165472(1.00546,-0.199036,0.864395)
0 1 2 3 4 5 6 7 8 9 10 11 12 13 14 15 16 17 18 19 20 21 22 23 24 25 26 27 28 29 30 31 32 33 34 35 36 37 38 39 40 41 42 43 44 45 46 47 48 , 0 1 2 3 4 7 8 9 10 11 14 15 16 17 18 21 22 23 24 25 28 29 30 31 32 35 36 37 38 42 43 44 45 
27 0.9,0;25 0.3,0 0.36;25 0.3,0

41.9(419):84678(3.62774,5.62963,2.9072),165472(1.00142,-0.168608,0.864395)
0 1 2 3 4 5 6 7 8 9 10 11 12 13 14 15 16 17 18 19 20 21 22 23 24 25 26 27 28 29 30 31 32 33 34 35 36 37 38 39 40 41 42 43 44 45 46 47 48 , 0 1 2 3 4 7 8 9 10 11 14 15 16 17 18 21 22 23 24 25 28 29 30 31 32 35 36 37 38 42 43 44 45 
27 0.9,0;25 0.3,0 0.36;25 0.3,0

42(420):84678(3.59856,5.63659,2.9072),165533(0.997383,-0.13818,0.864395)
0 1 2 3 4 5 6 7 8 9 10 11 12 13 14 15 16 17 18 19 20 21 22 23 24 25 26 27 28 29 30 31 32 33 34 35 36 37 38 39 40 41 42 43 44 45 46 47 48 , 0 1 2 3 4 7 8 9 10 11 14 15 16 17 18 21 22 23 24 25 28 29 30 31 32 35 36 37 38 42 43 44 45 
27 0.9,0;25 0.3,0 0.36;25 0.3,0

42.1(421):84678(3.56938,5.64356,2.9072),165533(0.993347,-0.107752,0.864395)
0 1 2 3 4 5 6 7 8 9 10 11 12 13 14 15 16 17 18 19 20 21 22 23 24 25 26 27 28 29 30 31 32 33 34 35 36 37 38 39 40 41 42 43 44 45 46 47 48 , 0 1 2 3 4 7 8 9 10 11 14 15 16 17 18 21 22 23 24 25 28 29 30 31 32 35 36 37 38 42 43 44 45 
27 0.9,0;25 0.3,0 0.36;25 0.3,0

42.2(422):84678(3.5402,5.65053,2.9072),165533(0.989311,-0.0773234,0.864395)
0 1 2 3 4 5 6 7 8 9 10 11 12 13 14 15 16 17 18 19 20 21 22 23 24 25 26 27 28 29 30 31 32 33 34 35 36 37 38 39 40 41 42 43 44 45 46 47 48 , 0 1 2 3 4 7 8 9 10 11 14 15 16 17 18 21 22 23 24 25 28 29 30 31 32 35 36 37 38 42 43 44 45 
27 0.9,0;25 0.3,0 0.36;25 0.3,0

42.3(423):84678(3.51103,5.6575,2.9072),165594(0.985275,-0.0468953,0.864395)
0 1 2 3 4 5 6 7 8 9 10 11 12 13 14 15 16 17 18 19 20 21 22 23 24 25 26 27 28 29 30 31 32 33 34 35 36 37 38 39 40 41 42 43 44 45 46 47 48 , 0 1 2 3 7 8 9 10 11 14 15 16 17 18 21 22 23 24 25 28 29 30 31 32 35 36 37 38 39 42 43 44 45 
27 0.9,0;25 0.3,0 0.36;25 0.3,0

42.4(424):84677(3.48185,5.66446,2.9072),165532(0.929311,-0.0773234,0.864395)
0 1 2 3 4 5 6 7 8 9 10 11 12 13 14 15 16 17 18 19 20 21 22 23 24 25 26 27 28 29 30 31 32 33 34 35 36 37 38 39 40 41 42 43 44 45 46 47 48 , 0 7 8 14 15 21 22 28 35 42 
6 0.9,-0.9;8 -0.6,-0.6 2.34;8 -0.6,-0.6

42.5(425):84678(3.53975,5.64879,2.8472),165533(0.968147,-0.0515899,0.924395)
0 1 2 3 4 5 6 7 8 9 10 11 12 13 14 15 16 17 18 19 20 21 22 23 24 25 26 27 28 29 30 31 32 33 34 35 36 37 38 39 40 41 42 43 44 45 46 47 48 , 0 1 2 3 4 7 8 9 10 11 14 15 16 17 18 21 22 23 24 25 28 29 30 31 32 35 36 37 38 42 43 44 45 
27 0.9,0;25 0.3,0 0.36;25 0.3,0

42.6(426):84678(3.51104,5.65749,2.8472),165532(0.914054,-0.0835201,0.924395)
0 1 2 3 4 5 6 7 8 9 10 11 12 13 14 15 16 17 18 19 20 21 22 23 24 25 26 27 28 29 30 31 32 33 34 35 36 37 38 39 40 41 42 43 44 45 46 47 48 , 0 7 8 14 15 21 22 28 35 42 
27 0.9,0;22 -0.6,0 2.25;22 -0.6,0

42.7(427):84678(3.56846,5.64008,2.8472),165532(0.949962,-0.11545,0.924395)
0 1 2 3 4 5 6 7 8 9 10 11 12 13 14 15 16 17 18 19 20 21 22 23 24 25 26 27 28 29 30 31 32 33 34 35 36 37 38 39 40 41 42 43 44 45 46 47 48 , 0 7 8 14 15 21 22 28 35 42 
27 0.9,0;22 -0.6,0 2.25;22 -0.6,0

42.8(428):84678(3.62588,5.62267,2.8472),165533(0.985869,-0.147381,0.924395)
0 1 2 3 4 5 6 7 8 9 10 11 12 13 14 15 16 17 18 19 20 21 22 23 24 25 26 27 28 29 30 31 32 33 34 35 36 37 38 39 40 41 42 43 44 45 46 47 48 , 0 1 2 3 4 7 8 9 10 11 14 15 16 17 18 21 22 23 24 25 28 29 30 31 32 35 36 37 38 42 43 44 45 
27 0.9,0;25 0.3,0 0.36;25 0.3,0

42.9(429):84678(3.59717,5.63138,2.8472),165471(0.931776,-0.179311,0.924395)
0 1 2 3 4 5 6 7 8 9 10 11 12 13 14 15 16 17 18 19 20 21 22 23 24 25 26 27 28 29 30 31 32 33 34 35 36 37 38 39 40 41 42 43 44 45 46 47 48 , 0 1 7 8 14 15 21 22 28 35 42 
27 0.9,0;22 -0.6,0 2.25;22 -0.6,0

43(430):84678(3.65459,5.61397,2.8472),165472(0.967684,-0.211241,0.924395)
0 1 2 3 4 5 6 7 8 9 10 11 12 13 14 15 16 17 18 19 20 21 22 23 24 25 26 27 28 29 30 31 32 33 34 35 36 37 38 39 40 41 42 43 44 45 46 47 48 , 0 1 2 3 4 7 8 9 10 11 14 15 16 17 18 21 22 23 24 25 28 29 30 31 32 35 36 37 38 42 43 44 45 
27 0.9,0;25 0.3,0 0.36;25 0.3,0

43.1(431):84678(3.62588,5.62267,2.8472),165471(0.913591,-0.243171,0.924395)
0 1 2 3 4 5 6 7 8 9 10 11 12 13 14 15 16 17 18 19 20 21 22 23 24 25 26 27 28 29 30 31 32 33 34 35 36 37 38 39 40 41 42 43 44 45 46 47 48 , 0 -0.9,-0.9

43.2(432):82078(3.71072,5.59272,2.7572),169193(1.0005,-0.189994,1.0144)
0 1 2 3 4 5 6 7 8 9 10 11 12 13 14 15 16 17 18 19 20 21 22 23 24 25 26 27 28 29 30 31 32 33 34 35 36 37 38 39 40 41 42 43 44 45 46 47 48 , 28 -0.9,0.3

43.3(433):82078(3.79464,5.56023,2.7872),169194(1.10647,-0.187952,0.984395)
0 1 2 3 4 5 6 7 8 9 10 11 12 13 14 15 16 17 18 19 20 21 22 23 24 25 26 27 28 29 30 31 32 33 34 35 36 37 38 39 40 41 42 43 44 45 46 47 48 , 28 -0.9,0.3

43.4(434):84679(3.87951,5.53027,2.8172),169195(1.21345,-0.189768,0.954395)
0 1 2 3 4 5 6 7 8 9 10 11 12 13 14 15 16 17 18 19 20 21 22 23 24 25 26 27 28 29 30 31 32 33 34 35 36 37 38 39 40 41 42 43 44 45 46 47 48 , 21 -0.9,0

43.5(435):84680(3.96481,5.50158,2.8172),169196(1.32657,-0.157129,0.954395)
0 1 2 3 4 5 6 7 8 9 10 11 12 13 14 15 16 17 18 19 20 21 22 23 24 25 26 27 28 29 30 31 32 33 34 35 36 37 38 39 40 41 42 43 44 45 46 47 48 , 0 -0.9,-0.9

43.6(436):82028(4.04871,5.4691,2.7272),169319(1.4453,0.00136939,1.0444)
0 1 2 3 4 5 6 7 8 9 10 11 12 13 14 15 16 17 18 19 20 21 22 23 24 25 26 27 28 29 30 31 32 33 34 35 36 37 38 39 40 41 42 43 44 45 46 47 48 , 0 -0.9,-0.9

43.7(437):82029(4.12935,5.4292,2.6372),173163(1.54612,0.171564,1.1344)
0 1 2 3 4 5 6 7 8 9 10 11 12 13 14 15 16 17 18 19 20 21 22 23 24 25 26 27 28 29 30 31 32 33 34 35 36 37 38 39 40 41 42 43 44 45 46 47 48 , 0 -0.9,-0.9

t0=43.8,xb=(4.20608,5.38222,2.5472)
43.8(438):79428(4.20608,5.38222,2.5472),177007(1.6279,0.351504,1.2244)
0 1 2 3 4 5 6 7 8 9 10 11 12 13 14 15 16 17 18 19 20 21 22 23 24 25 26 27 28 29 30 31 32 33 34 35 36 37 38 39 40 41 42 43 44 45 46 47 48 , 1 -0.6,-0.9

43.9(439):79428(4.25422,5.34643,2.4572),180790(1.65978,0.537785,1.3144)
0 1 2 3 4 5 6 7 8 9 10 11 12 13 14 15 16 17 18 19 20 21 22 23 24 25 26 27 28 29 30 31 32 33 34 35 36 37 38 39 40 41 42 43 44 45 46 47 48 , 1 -0.6,-0.9

44(440):76827(4.29893,5.30646,2.3672),184633(1.67127,0.726932,1.4044)
0 1 2 3 4 5 6 7 8 9 10 11 12 13 14 15 16 17 18 19 20 21 22 23 24 25 26 27 28 29 30 31 32 33 34 35 36 37 38 39 40 41 42 43 44 45 46 47 48 , 6 0.9,-0.9

44.1(441):76827(4.23752,5.3722,2.2772),188474(1.51235,0.910038,1.4944)
0 1 2 3 4 5 6 7 8 9 10 11 12 13 14 15 16 17 18 19 20 21 22 23 24 25 26 27 28 29 30 31 32 33 34 35 36 37 38 39 40 41 42 43 44 45 46 47 48 , 6 0.9,-0.9

44.2(442):74226(4.18225,5.4432,2.1872),192254(1.3351,0.998238,1.5844)
0 1 2 3 4 5 6 7 8 9 10 11 12 13 14 15 16 17 18 19 20 21 22 23 24 25 26 27 28 29 30 31 32 33 34 35 36 37 38 39 40 41 42 43 44 45 46 47 48 , 6 0.9,-0.9

44.3(443):74277(4.1336,5.51888,2.0972),196035(1.15423,1.07036,1.6744)
0 1 2 3 4 5 6 7 8 9 10 11 12 13 14 15 16 17 18 19 20 21 22 23 24 25 26 27 28 29 30 31 32 33 34 35 36 37 38 39 40 41 42 43 44 45 46 47 48 , 6 0.9,-0.9

44.4(444):74276(4.09194,5.59862,2.0072),199754(0.971175,1.12647,1.7644)
0 1 2 3 4 5 6 7 8 9 10 11 12 13 14 15 16 17 18 19 20 21 22 23 24 25 26 27 28 29 30 31 32 33 34 35 36 37 38 39 40 41 42 43 44 45 46 47 48 , 1 -0.6,-0.9

44.5(445):71676(4.11482,5.54318,1.9172),203535(0.93711,1.1735,1.8544)
0 1 2 3 4 5 6 7 8 9 10 11 12 13 14 15 16 17 18 19 20 21 22 23 24 25 26 27 28 29 30 31 32 33 34 35 36 37 38 39 40 41 42 43 44 45 46 47 48 , 6 0.9,-0.9

44.6(446):71675(4.08811,5.62909,1.8272),203534(0.752566,1.21168,1.9444)
0 1 2 3 4 5 6 7 8 9 10 11 12 13 14 15 16 17 18 19 20 21 22 23 24 25 26 27 28 29 30 31 32 33 34 35 36 37 38 39 40 41 42 43 44 45 46 47 48 , 1 -0.6,-0.9

44.7(447):69075(4.1007,5.57045,1.7372),207254(0.718421,1.24134,2.0344)
0 1 2 3 4 5 6 7 8 9 10 11 12 13 14 15 16 17 18 19 20 21 22 23 24 25 26 27 28 29 30 31 32 33 34 35 36 37 38 39 40 41 42 43 44 45 46 47 48 , 27 0.9,0

44.8(448):69074(4.08579,5.65921,1.7372),207253(0.646308,1.20556,2.0344)
0 1 2 3 4 5 6 7 8 9 10 11 12 13 14 15 16 17 18 19 20 21 22 23 24 25 26 27 28 29 30 31 32 33 34 35 36 37 38 39 40 41 42 43 44 45 46 47 48 , 6 0.9,-0.9

44.9(449):69125(4.0749,5.74851,1.6472),210973(0.46649,1.2207,2.1244)
0 1 2 3 4 5 6 7 8 9 10 11 12 13 14 15 16 17 18 19 20 21 22 23 24 25 26 27 28 29 30 31 32 33 34 35 36 37 38 39 40 41 42 43 44 45 46 47 48 , 6 0.9,-0.9

45(450):66524(4.07207,5.83844,1.5572),214692(0.289012,1.22164,2.2144)
0 1 2 3 4 5 6 7 8 9 10 11 12 13 14 15 16 17 18 19 20 21 22 23 24 25 26 27 28 29 30 31 32 33 34 35 36 37 38 39 40 41 42 43 44 45 46 47 48 , 13 0.9,-0.6

45.1(451):66575(4.07599,5.92834,1.4972),218472(0.0994123,1.26457,2.2744)
0 1 2 3 4 5 6 7 8 9 10 11 12 13 14 15 16 17 18 19 20 21 22 23 24 25 26 27 28 29 30 31 32 33 34 35 36 37 38 39 40 41 42 43 44 45 46 47 48 , 13 0.9,-0.6

45.2(452):66575(4.0853,6.01784,1.4372),218470(-0.0942025,1.29445,2.3344)
0 1 2 3 4 5 6 7 8 9 10 11 12 13 14 15 16 17 18 19 20 21 22 23 24 25 26 27 28 29 30 31 32 33 34 35 36 37 38 39 40 41 42 43 44 45 46 47 48 , 13 0.9,-0.6

45.3(453):64025(4.09996,6.10663,1.3772),222189(-0.290944,1.31096,2.3944)
0 1 2 3 4 5 6 7 8 9 10 11 12 13 14 15 16 17 18 19 20 21 22 23 24 25 26 27 28 29 30 31 32 33 34 35 36 37 38 39 40 41 42 43 44 45 46 47 48 , 48 0.9,0.9

45.4(454):66627(4.11328,6.19561,1.4672),218529(-0.288599,1.36556,2.3044)
0 1 2 3 4 5 6 7 8 9 10 11 12 13 14 15 16 17 18 19 20 21 22 23 24 25 26 27 28 29 30 31 32 33 34 35 36 37 38 39 40 41 42 43 44 45 46 47 48 , 48 0.9,0.9

45.5(455):66627(4.11854,6.28542,1.5572),214808(-0.278578,1.42202,2.2144)
0 1 2 3 4 5 6 7 8 9 10 11 12 13 14 15 16 17 18 19 20 21 22 23 24 25 26 27 28 29 30 31 32 33 34 35 36 37 38 39 40 41 42 43 44 45 46 47 48 , 48 0.9,0.9

45.6(456):69279(4.11572,6.37535,1.6472),211148(-0.26055,1.47938,2.1244)
0 1 2 3 4 5 6 7 8 9 10 11 12 13 14 15 16 17 18 19 20 21 22 23 24 25 26 27 28 29 30 31 32 33 34 35 36 37 38 39 40 41 42 43 44 45 46 47 48 , 48 0.9,0.9

45.7(457):69279(4.10482,6.46466,1.7372),207428(-0.234297,1.53663,2.0344)
0 1 2 3 4 5 6 7 8 9 10 11 12 13 14 15 16 17 18 19 20 21 22 23 24 25 26 27 28 29 30 31 32 33 34 35 36 37 38 39 40 41 42 43 44 45 46 47 48 , 48 0.9,0.9

45.8(458):71930(4.08595,6.55262,1.8272),203768(-0.199716,1.59276,1.9444)
0 1 2 3 4 5 6 7 8 9 10 11 12 13 14 15 16 17 18 19 20 21 22 23 24 25 26 27 28 29 30 31 32 33 34 35 36 37 38 39 40 41 42 43 44 45 46 47 48 , 27 0.9,0

45.9(459):71930(4.06312,6.63968,1.8272),203767(-0.304314,1.63,1.9444)
0 1 2 3 4 5 6 7 8 9 10 11 12 13 14 15 16 17 18 19 20 21 22 23 24 25 26 27 28 29 30 31 32 33 34 35 36 37 38 39 40 41 42 43 44 45 46 47 48 , 27 0.9,0

46(460):71981(4.0403,6.72674,1.8272),203766(-0.379716,1.59276,1.9444)
0 1 2 3 4 5 6 7 8 9 10 11 12 13 14 15 16 17 18 19 20 21 22 23 24 25 26 27 28 29 30 31 32 33 34 35 36 37 38 39 40 41 42 43 44 45 46 47 48 , 27 0.9,0

46.1(461):71981(4.01747,6.8138,1.8272),203765(-0.455117,1.55552,1.9444)
0 1 2 3 4 5 6 7 8 9 10 11 12 13 14 15 16 17 18 19 20 21 22 23 24 25 26 27 28 29 30 31 32 33 34 35 36 37 38 39 40 41 42 43 44 45 46 47 48 , 27 0.9,0

46.2(462):72032(3.99465,6.90085,1.8272),203704(-0.530518,1.51828,1.9444)
0 1 2 3 4 5 6 7 8 9 10 11 12 13 14 15 16 17 18 19 20 21 22 23 24 25 26 27 28 29 30 31 32 33 34 35 36 37 38 39 40 41 42 43 44 45 46 47 48 , 6 0.9,-0.9

46.3(463):69431(3.97577,6.98882,1.7372),207362(-0.736823,1.42462,2.0344)
0 1 2 3 4 5 6 7 8 9 10 11 12 13 14 15 16 17 18 19 20 21 22 23 24 25 26 27 28 29 30 31 32 33 34 35 36 37 38 39 40 41 42 43 44 45 46 47 48 , 27 0.9,0

46.4(464):69431(3.96086,7.07758,1.7372),207361(-0.808937,1.38885,2.0344)
0 1 2 3 4 5 6 7 8 9 10 11 12 13 14 15 16 17 18 19 20 21 22 23 24 25 26 27 28 29 30 31 32 33 34 35 36 37 38 39 40 41 42 43 44 45 46 47 48 , 27 0.9,0

46.5(465):69482(3.94596,7.16633,1.7372),207360(-0.88105,1.35307,2.0344)
0 1 2 3 4 5 6 7 8 9 10 11 12 13 14 15 16 17 18 19 20 21 22 23 24 25 26 27 28 29 30 31 32 33 34 35 36 37 38 39 40 41 42 43 44 45 46 47 48 , 0 1 2 3 4 5 6 7 8 9 10 11 12 13 14 15 16 17 18 19 20 21 22 23 24 25 26 27 28 29 30 31 32 33 34 36 37 38 39 40 41 45 46 47 48 
47 0.6,0.9;47 0.6,0.9 0;47 0.6,0.9

46.6(466):72083(3.93337,7.22498,1.8272),203640(-0.801192,1.39224,1.9444)
0 1 2 3 4 5 6 7 8 9 10 11 12 13 14 15 16 17 18 19 20 21 22 23 24 25 26 27 28 29 30 31 32 33 34 35 36 37 38 39 40 41 42 43 44 45 46 47 48 , 0 1 2 3 4 5 6 7 8 9 10 11 12 13 14 15 16 17 18 19 20 22 23 24 25 26 27 31 32 33 34 39 40 41 48 
47 0.6,0.9;40 0.6,0.6 0.09;40 0.6,0.6

46.7(467):72083(3.91642,7.28253,1.8872),203640(-0.763891,1.40152,1.8844)
0 1 2 3 4 5 6 7 8 9 10 11 12 13 14 15 16 17 18 19 20 21 22 23 24 25 26 27 28 29 30 31 32 33 34 35 36 37 38 39 40 41 42 43 44 45 46 47 48 , 0 1 2 3 4 5 6 7 8 9 10 11 12 13 14 15 16 17 18 19 20 22 23 24 25 26 27 31 32 33 34 39 40 41 48 
47 0.6,0.9;40 0.6,0.6 0.09;40 0.6,0.6

46.8(468):72133(3.89606,7.33895,1.9472),199920(-0.728404,1.40789,1.8244)
0 1 2 3 4 5 6 7 8 9 10 11 12 13 14 15 16 17 18 19 20 21 22 23 24 25 26 27 28 29 30 31 32 33 34 35 36 37 38 39 40 41 42 43 44 45 46 47 48 , 1 2 3 4 5 6 9 10 11 12 13 17 18 19 20 25 26 27 34 48 
42 -0.9,0.9;17 0,-0.3 2.25;17 0,-0.3

46.9(469):72133(3.89606,7.33895,1.9172),203640(-0.781499,1.42381,1.8544)
0 1 2 3 4 5 6 7 8 9 10 11 12 13 14 15 16 17 18 19 20 21 22 23 24 25 26 27 28 29 30 31 32 33 34 35 36 37 38 39 40 41 42 43 44 45 46 47 48 , 0 1 2 3 4 5 6 7 8 9 10 11 12 13 14 15 16 17 18 19 20 22 23 24 25 26 27 31 32 33 34 39 40 41 48 
42 -0.9,0.9;22 -0.6,0 0.9;22 -0.6,0

t0=47,xb=(3.91643,7.28252,1.9172)
47(470):72083(3.91643,7.28252,1.9172),203702(-0.732691,1.46221,1.8544)
0 1 2 3 4 5 6 7 8 9 10 11 12 13 14 15 16 17 18 19 20 21 22 23 24 25 26 27 28 29 30 31 32 33 34 35 36 37 38 39 40 41 42 43 44 45 46 47 48 , 1 2 3 4 5 6 9 10 11 12 13 17 18 19 20 22 23 24 25 26 27 31 32 33 34 40 41 48 
47 0.6,0.9;40 0.6,0.6 0.09;40 0.6,0.6

47.1(471):72133(3.89438,7.33831,1.9772),199981(-0.712527,1.54432,1.7944)
0 1 2 3 4 5 6 7 8 9 10 11 12 13 14 15 16 17 18 19 20 21 22 23 24 25 26 27 28 29 30 31 32 33 34 35 36 37 38 39 40 41 42 43 44 45 46 47 48 , 0 1 2 3 4 5 6 8 9 10 11 12 13 17 18 19 20 22 23 24 25 26 27 31 32 33 34 39 40 41 48 
42 -0.9,0.9;22 -0.6,0 0.9;22 -0.6,0

47.2(472):72083(3.91809,7.2832,1.9772),200042(-0.661396,1.58332,1.7944)
0 1 2 3 4 5 6 7 8 9 10 11 12 13 14 15 16 17 18 19 20 21 22 23 24 25 26 27 28 29 30 31 32 33 34 35 36 37 38 39 40 41 42 43 44 45 46 47 48 , 0 1 2 3 4 5 6 7 8 9 10 11 12 13 14 15 16 17 18 19 20 22 23 24 25 26 27 31 32 33 34 40 41 45 46 47 48 
47 0.6,0.9;47 0.6,0.9 0;47 0.6,0.9

47.3(473):74734(3.89193,7.33717,2.0672),196383(-0.58166,1.6787,1.7044)
0 1 2 3 4 5 6 7 8 9 10 11 12 13 14 15 16 17 18 19 20 21 22 23 24 25 26 27 28 29 30 31 32 33 34 35 36 37 38 39 40 41 42 43 44 45 46 47 48 , 0 1 2 3 4 5 6 8 9 10 11 12 13 14 16 17 18 19 20 22 23 24 25 26 27 31 32 33 34 39 40 41 45 46 47 48 
47 0.6,0.9;47 0.6,0.9 0;47 0.6,0.9

47.4(474):74734(3.86102,7.38857,2.1572),192724(-0.490089,1.76685,1.6144)
0 1 2 3 4 5 6 7 8 9 10 11 12 13 14 15 16 17 18 19 20 21 22 23 24 25 26 27 28 29 30 31 32 33 34 35 36 37 38 39 40 41 42 43 44 45 46 47 48 , 0 1 2 3 4 5 6 7 8 9 10 11 12 13 14 15 16 17 18 19 20 21 22 23 24 25 26 27 30 31 32 33 34 39 40 41 45 46 47 48 
47 0.6,0.9;47 0.6,0.9 0;47 0.6,0.9

47.5(475):77335(3.82561,7.43699,2.2472),189004(-0.387368,1.8464,1.5244)
0 1 2 3 4 5 6 7 8 9 10 11 12 13 14 15 16 17 18 19 20 21 22 23 24 25 26 27 28 29 30 31 32 33 34 35 36 37 38 39 40 41 42 43 44 45 46 47 48 , 0 1 2 3 4 5 6 7 8 9 10 11 12 13 16 17 18 19 20 22 23 24 25 26 27 31 32 33 34 39 40 41 48 
48 0.9,0.9;48 0.9,0.9 0;48 0.9,0.9

47.6(476):77386(3.7662,7.50454,2.3372),185345(-0.304288,1.91742,1.4344)
0 1 2 3 4 5 6 7 8 9 10 11 12 13 14 15 16 17 18 19 20 21 22 23 24 25 26 27 28 29 30 31 32 33 34 35 36 37 38 39 40 41 42 43 44 45 46 47 48 , 0 1 2 3 4 5 6 8 9 10 11 12 13 16 17 18 19 20 22 23 24 25 26 27 31 32 33 34 40 41 
48 0.9,0.9;41 0.9,0.6 0.09;41 0.9,0.6

47.7(477):77386(3.70187,7.56747,2.3972),185406(-0.270905,1.97414,1.3744)
0 1 2 3 4 5 6 7 8 9 10 11 12 13 14 15 16 17 18 19 20 21 22 23 24 25 26 27 28 29 30 31 32 33 34 35 36 37 38 39 40 41 42 43 44 45 46 47 48 , 0 1 2 3 4 5 6 7 8 9 10 11 12 13 14 15 16 17 18 19 20 22 23 24 25 26 27 31 32 33 34 40 41 46 47 48 
48 0.9,0.9;48 0.9,0.9 0;48 0.9,0.9

47.8(478):79986(3.63302,7.62539,2.4872),181686(-0.193554,1.95618,1.2844)
0 1 2 3 4 5 6 7 8 9 10 11 12 13 14 15 16 17 18 19 20 21 22 23 24 25 26 27 28 29 30 31 32 33 34 35 36 37 38 39 40 41 42 43 44 45 46 47 48 , 0 1 2 3 4 5 6 8 9 10 11 12 13 17 18 19 20 22 23 24 25 26 27 
48 0.9,0.9;27 0.9,0 0.81;27 0.9,0

47.9(479):79986(3.56161,7.68017,2.4872),181624(-0.294854,1.91781,1.2844)
0 1 2 3 4 5 6 7 8 9 10 11 12 13 14 15 16 17 18 19 20 21 22 23 24 25 26 27 28 29 30 31 32 33 34 35 36 37 38 39 40 41 42 43 44 45 46 47 48 , 0 1 2 3 4 5 6 8 9 10 11 12 13 14 15 16 17 18 19 20 22 23 24 25 26 27 34 
48 0.9,0.9;34 0.9,0.3 0.36;34 0.9,0.3

48(480):80036(3.4894,7.73387,2.5172),181624(-0.339628,1.88912,1.2544)
0 1 2 3 4 5 6 7 8 9 10 11 12 13 14 15 16 17 18 19 20 21 22 23 24 25 26 27 28 29 30 31 32 33 34 35 36 37 38 39 40 41 42 43 44 45 46 47 48 , 0 1 2 3 4 5 6 8 9 10 11 12 13 14 15 16 17 18 19 20 22 23 24 25 26 27 34 
48 0.9,0.9;34 0.9,0.3 0.36;34 0.9,0.3

48.1(481):80036(3.4156,7.78538,2.5472),177902(-0.386377,1.86219,1.2244)
0 1 2 3 4 5 6 7 8 9 10 11 12 13 14 15 16 17 18 19 20 21 22 23 24 25 26 27 28 29 30 31 32 33 34 35 36 37 38 39 40 41 42 43 44 45 46 47 48 , 0 1 2 3 4 5 6 8 9 10 11 12 13 14 15 16 17 18 19 20 22 23 24 25 26 27 
48 0.9,0.9;27 0.9,0 0.81;27 0.9,0

48.2(482):80036(3.34104,7.83578,2.5472),177840(-0.489958,1.82456,1.2244)
0 1 2 3 4 5 6 7 8 9 10 11 12 13 14 15 16 17 18 19 20 21 22 23 24 25 26 27 28 29 30 31 32 33 34 35 36 37 38 39 40 41 42 43 44 45 46 47 48 , 0 1 2 3 4 5 6 7 8 9 10 11 12 13 14 15 16 17 18 19 20 22 23 24 25 26 27 31 32 33 34 40 41 
48 0.9,0.9;41 0.9,0.6 0.09;41 0.9,0.6

48.3(483):82636(3.265,7.88392,2.6072),177840(-0.485426,1.81662,1.1644)
0 1 2 3 4 5 6 7 8 9 10 11 12 13 14 15 16 17 18 19 20 21 22 23 24 25 26 27 28 29 30 31 32 33 34 35 36 37 38 39 40 41 42 43 44 45 46 47 48 , 0 1 2 3 4 5 6 7 8 9 10 11 12 13 14 15 16 17 18 19 20 22 23 24 25 26 27 31 32 33 34 40 41 
48 0.9,0.9;41 0.9,0.6 0.09;41 0.9,0.6

48.4(484):82687(3.18622,7.9274,2.6672),174119(-0.483554,1.80943,1.1044)
0 1 2 3 4 5 6 7 8 9 10 11 12 13 14 15 16 17 18 19 20 21 22 23 24 25 26 27 28 29 30 31 32 33 34 35 36 37 38 39 40 41 42 43 44 45 46 47 48 , 0 1 2 3 4 5 6 8 9 10 11 12 13 14 15 16 17 18 19 20 23 24 25 26 27 32 33 34 40 41 
48 0.9,0.9;41 0.9,0.6 0.09;41 0.9,0.6

48.5(485):82687(3.10498,7.96609,2.7272),170398(-0.484226,1.80328,1.0444)
0 1 2 3 4 5 6 7 8 9 10 11 12 13 14 15 16 17 18 19 20 21 22 23 24 25 26 27 28 29 30 31 32 33 34 35 36 37 38 39 40 41 42 43 44 45 46 47 48 , 0 1 2 3 4 5 6 9 10 11 12 13 14 15 16 17 18 19 20 23 24 25 26 27 32 33 34 41 
48 0.9,0.9;41 0.9,0.6 0.09;41 0.9,0.6

48.6(486):82686(3.02156,7.99984,2.7872),170398(-0.487304,1.79846,0.984395)
0 1 2 3 4 5 6 7 8 9 10 11 12 13 14 15 16 17 18 19 20 21 22 23 24 25 26 27 28 29 30 31 32 33 34 35 36 37 38 39 40 41 42 43 44 45 46 47 48 , 0 1 2 3 4 5 6 9 10 11 12 13 14 15 16 17 18 19 20 23 24 25 26 27 32 33 34 41 
48 0.9,0.9;41 0.9,0.6 0.09;41 0.9,0.6

48.7(487):85287(2.93627,8.02852,2.8472),166739(-0.444437,1.85907,0.924395)
0 1 2 3 4 5 6 7 8 9 10 11 12 13 14 15 16 17 18 19 20 21 22 23 24 25 26 27 28 29 30 31 32 33 34 35 36 37 38 39 40 41 42 43 44 45 46 47 48 , 0 1 2 3 4 5 6 9 10 11 12 13 18 19 20 26 27 
41 0.9,0.6;27 0.9,0 0.36;27 0.9,0

48.8(488):85286(2.85014,8.05463,2.8472),166738(-0.510345,1.891,0.924395)
0 1 2 3 4 5 6 7 8 9 10 11 12 13 14 15 16 17 18 19 20 21 22 23 24 25 26 27 28 29 30 31 32 33 34 35 36 37 38 39 40 41 42 43 44 45 46 47 48 , 0 1 2 3 4 5 6 7 8 9 10 11 12 13 14 15 16 17 18 19 20 23 24 25 26 27 32 33 34 41 47 48 
41 0.9,0.6;41 0.9,0.6 0;41 0.9,0.6

48.9(489):85286(2.76328,8.07815,2.9072),166799(-0.460016,1.95133,0.864395)
0 1 2 3 4 5 6 7 8 9 10 11 12 13 14 15 16 17 18 19 20 21 22 23 24 25 26 27 28 29 30 31 32 33 34 35 36 37 38 39 40 41 42 43 44 45 46 47 48 , 0 1 2 3 4 5 6 7 8 9 10 11 12 13 14 15 16 17 18 19 20 21 22 23 24 25 26 27 29 30 31 32 33 34 38 39 40 41 47 48 
41 0.9,0.6;41 0.9,0.6 0;41 0.9,0.6

49(490):85285(2.67516,8.09641,2.9672),163079(-0.404383,2.00691,0.804395)
0 1 2 3 4 5 6 7 8 9 10 11 12 13 14 15 16 17 18 19 20 21 22 23 24 25 26 27 28 29 30 31 32 33 34 35 36 37 38 39 40 41 42 43 44 45 46 47 48 , 0 1 2 3 4 5 6 7 8 9 10 11 12 13 14 15 16 17 18 19 20 23 24 25 26 27 32 33 34 41 
48 0.9,0.9;41 0.9,0.6 0.09;41 0.9,0.6

49.1(491):87937(2.58611,8.10936,3.0272),159420(-0.343839,2.05735,0.744395)
0 1 2 3 4 5 6 7 8 9 10 11 12 13 14 15 16 17 18 19 20 21 22 23 24 25 26 27 28 29 30 31 32 33 34 35 36 37 38 39 40 41 42 43 44 45 46 47 48 , 0 1 2 3 4 5 6 7 8 9 10 11 12 13 14 15 16 17 18 19 20 23 24 25 26 27 33 34 
41 0.9,0.6;34 0.9,0.3 0.09;27 0.9,0

49.2(492):87936(2.4967,8.11963,3.0272),159419(-0.404419,2.08445,0.744395)
0 1 2 3 4 5 6 7 8 9 10 11 12 13 14 15 16 17 18 19 20 21 22 23 24 25 26 27 28 29 30 31 32 33 34 35 36 37 38 39 40 41 42 43 44 45 46 47 48 , 0 1 2 3 4 5 6 7 8 9 10 11 12 13 14 15 16 17 18 19 20 21 22 23 24 25 26 27 29 30 31 32 33 34 38 39 40 41 48 
41 0.9,0.6;41 0.9,0.6 0;41 0.9,0.6

49.3(493):87936(2.40704,8.12722,3.0872),159420(-0.337653,2.13294,0.684395)
0 1 2 3 4 5 6 7 8 9 10 11 12 13 14 15 16 17 18 19 20 21 22 23 24 25 26 27 28 29 30 31 32 33 34 35 36 37 38 39 40 41 42 43 44 45 46 47 48 , 0 1 2 3 4 5 6 7 8 9 10 11 12 13 14 15 16 17 18 19 20 23 24 25 26 27 33 34 
41 0.9,0.6;34 0.9,0.3 0.09;27 0.9,0

49.4(494):87936(2.31717,8.13211,3.0872),159480(-0.396661,2.15823,0.684395)
0 1 2 3 4 5 6 7 8 9 10 11 12 13 14 15 16 17 18 19 20 21 22 23 24 25 26 27 28 29 30 31 32 33 34 35 36 37 38 39 40 41 42 43 44 45 46 47 48 , 0 1 2 3 4 5 6 7 8 9 10 11 12 13 14 15 16 17 18 19 20 21 22 23 24 25 26 27 28 29 30 31 32 33 34 35 36 37 38 39 40 41 45 46 47 48 
41 0.9,0.6;41 0.9,0.6 0;41 0.9,0.6

49.5(495):7304(2.22721,8.13431,-3.13599),155760(-0.324025,2.20421,0.624395)
0 1 2 3 4 5 6 7 8 9 10 11 12 13 14 15 16 17 18 19 20 21 22 23 24 25 26 27 28 29 30 31 32 33 34 35 36 37 38 39 40 41 42 43 44 45 46 47 48 , 0 1 2 3 4 5 6 7 8 9 10 11 12 13 14 15 16 17 18 19 20 21 22 23 24 25 26 27 29 30 31 32 33 34 39 40 41 48 
27 0.9,0;27 0.9,0 0;27 0.9,0

49.6(496):7304(2.13721,8.1338,-3.13599),155759(-0.446477,2.18083,0.624395)
0 1 2 3 4 5 6 7 8 9 10 11 12 13 14 15 16 17 18 19 20 21 22 23 24 25 26 27 28 29 30 31 32 33 34 35 36 37 38 39 40 41 42 43 44 45 46 47 48 , 0 1 2 3 4 5 6 7 8 9 10 11 12 13 14 15 16 17 18 19 20 21 22 23 24 25 26 27 28 29 30 31 32 33 34 35 36 37 38 39 40 41 45 46 47 48 
27 0.9,0;27 0.9,0 0;27 0.9,0

49.7(497):7303(2.04721,8.1333,-3.13599),155757(-0.56893,2.15745,0.624395)
0 1 2 3 4 5 6 7 8 9 10 11 12 13 14 15 16 17 18 19 20 21 22 23 24 25 26 27 28 29 30 31 32 33 34 35 36 37 38 39 40 41 42 43 44 45 46 47 48 , 0 1 2 3 4 5 6 7 8 9 10 11 12 13 14 15 16 17 18 19 20 21 22 23 24 25 26 27 28 29 30 31 32 33 34 35 36 37 38 39 40 41 42 43 44 45 46 47 48 
48 0.9,0.9;48 0.9,0.9 0;48 0.9,0.9

49.8(498):7303(1.95736,8.12875,-3.04599),152037(-0.497021,2.18352,0.534395)
0 1 2 3 4 5 6 7 8 9 10 11 12 13 14 15 16 17 18 19 20 21 22 23 24 25 26 27 28 29 30 31 32 33 34 35 36 37 38 39 40 41 42 43 44 45 46 47 48 , 0 1 2 3 4 5 6 7 8 9 10 11 12 13 14 15 16 17 18 19 20 21 22 23 24 25 26 27 28 29 30 31 32 33 34 35 36 37 38 39 40 41 42 43 44 45 46 47 48 
48 0.9,0.9;48 0.9,0.9 0;48 0.9,0.9

49.9(499):9903(1.86828,8.11614,-2.95599),148317(-0.424751,2.20621,0.444395)
0 1 2 3 4 5 6 7 8 9 10 11 12 13 14 15 16 17 18 19 20 21 22 23 24 25 26 27 28 29 30 31 32 33 34 35 36 37 38 39 40 41 42 43 44 45 46 47 48 , 0 1 2 3 4 5 6 7 8 9 10 11 12 13 14 15 16 17 18 19 20 21 22 23 24 25 26 27 28 29 30 31 32 33 34 36 37 38 39 40 41 45 46 47 48 
48 0.9,0.9;48 0.9,0.9 0;48 0.9,0.9

50(500):9852(1.78069,8.09558,-2.86599),148317(-0.352134,2.22562,0.354395)
0 1 2 3 4 5 6 7 8 9 10 11 12 13 14 15 16 17 18 19 20 21 22 23 24 25 26 27 28 29 30 31 32 33 34 35 36 37 38 39 40 41 42 43 44 45 46 47 48 , 0 1 2 3 4 5 6 7 8 9 10 11 12 13 14 15 16 17 18 19 20 21 22 23 24 25 26 27 28 29 30 31 32 33 34 36 37 38 39 40 41 45 46 47 48 
48 0.9,0.9;48 0.9,0.9 0;48 0.9,0.9

50.1(501):12452(1.6953,8.06722,-2.77599),144597(-0.279162,2.24186,0.264395)
0 1 2 3 4 5 6 7 8 9 10 11 12 13 14 15 16 17 18 19 20 21 22 23 24 25 26 27 28 29 30 31 32 33 34 35 36 37 38 39 40 41 42 43 44 45 46 47 48 , 0 1 2 3 4 5 6 7 8 9 10 11 12 13 14 15 16 17 18 19 20 21 22 23 24 25 26 27 30 31 32 33 34 39 40 41 48 
44 -0.3,0.9;30 -0.3,0.3 0.36;30 -0.3,0.3

t0=50.2,xb=(1.72316,8.07837,-2.74599)
50.2(502):12453(1.72316,8.07837,-2.74599),140877(-0.220701,2.23948,0.234395)
0 1 2 3 4 5 6 7 8 9 10 11 12 13 14 15 16 17 18 19 20 21 22 23 24 25 26 27 28 29 30 31 32 33 34 35 36 37 38 39 40 41 42 43 44 45 46 47 48 , 0 1 2 3 4 5 6 7 8 9 10 11 12 13 15 16 17 18 19 20 24 25 26 27 33 34 
47 0.6,0.9;33 0.6,0.3 0.36;33 0.6,0.3

50.3(503):12452(1.66814,8.05442,-2.71599),140876(-0.252586,2.23787,0.204395)
0 1 2 3 4 5 6 7 8 9 10 11 12 13 14 15 16 17 18 19 20 21 22 23 24 25 26 27 28 29 30 31 32 33 34 35 36 37 38 39 40 41 42 43 44 45 46 47 48 , 0 1 2 3 4 5 6 7 8 9 10 11 12 13 14 15 16 17 18 19 20 21 22 23 24 25 26 27 30 31 32 33 34 39 40 41 48 
44 -0.3,0.9;30 -0.3,0.3 0.36;30 -0.3,0.3

50.4(504):12452(1.69528,8.06721,-2.68599),140877(-0.194744,2.23705,0.174395)
0 1 2 3 4 5 6 7 8 9 10 11 12 13 14 15 16 17 18 19 20 21 22 23 24 25 26 27 28 29 30 31 32 33 34 35 36 37 38 39 40 41 42 43 44 45 46 47 48 , 0 1 2 3 4 5 6 7 8 9 10 11 12 13 15 16 17 18 19 20 24 25 26 27 33 34 
44 -0.3,0.9;24 0,0 0.9;24 0,0

50.5(505):12452(1.69528,8.06721,-2.68599),140877(-0.155351,2.24399,0.174395)
0 1 2 3 4 5 6 7 8 9 10 11 12 13 14 15 16 17 18 19 20 21 22 23 24 25 26 27 28 29 30 31 32 33 34 35 36 37 38 39 40 41 42 43 44 45 46 47 48 , 0 1 2 3 4 5 6 7 8 9 10 11 12 13 15 16 17 18 19 20 24 25 26 27 33 34 
44 -0.3,0.9;24 0,0 0.9;24 0,0

