t0=0,xb=(1,1,1.0472)
0(0):60083(1,1,1.0472),96056(1.23205,1.86603,-1.0472)
0 1 2 3 4 5 6 7 8 9 10 11 12 13 14 15 16 17 18 19 20 21 22 23 24 25 26 27 28 29 30 31 32 33 34 35 36 37 38 39 40 41 42 43 44 45 46 47 48 , 0 1 2 3 4 5 6 7 8 9 10 11 12 13 14 15 16 17 18 19 20 21 22 23 24 25 26 27 28 29 30 31 32 33 34 35 36 37 38 39 40 41 42 43 44 45 46 47 48 
48 0.9,0.9;48 0.9,0.9 0;48 0.9,0.9

0.1(1):60083(1.04143,1.07986,1.1372),92214(1.31877,1.72184,-1.1372)
0 1 2 3 4 5 6 7 8 9 10 11 12 13 14 15 16 17 18 19 20 21 22 23 24 25 26 27 28 29 30 31 32 33 34 35 36 37 38 39 40 41 42 43 44 45 46 47 48 , 0 1 2 3 4 5 6 7 8 9 10 11 12 13 14 15 16 17 18 19 20 21 22 23 24 25 26 27 28 29 30 31 32 33 34 35 36 37 38 39 40 41 42 43 44 45 46 47 48 
48 0.9,0.9;48 0.9,0.9 0;48 0.9,0.9

0.2(2):62735(1.07552,1.16312,1.2272),88433(1.38942,1.56932,-1.2272)
0 1 2 3 4 5 6 7 8 9 10 11 12 13 14 15 16 17 18 19 20 21 22 23 24 25 26 27 28 29 30 31 32 33 34 35 36 37 38 39 40 41 42 43 44 45 46 47 48 , 0 1 2 3 4 5 6 7 8 9 10 11 12 13 14 15 16 17 18 19 20 21 22 23 24 25 26 27 28 29 30 31 32 33 34 35 36 37 38 39 40 41 42 43 44 45 46 47 48 
27 0.9,0;27 0.9,0 0;27 0.9,0

0.3(3):62736(1.10584,1.24786,1.2272),88371(1.31054,1.53825,-1.2272)
0 1 2 3 4 5 6 7 8 9 10 11 12 13 14 15 16 17 18 19 20 21 22 23 24 25 26 27 28 29 30 31 32 33 34 35 36 37 38 39 40 41 42 43 44 45 46 47 48 , 0 1 2 3 4 5 6 7 8 9 10 11 12 13 14 15 16 17 18 19 20 21 22 23 24 25 26 27 28 29 30 31 32 33 34 35 36 37 38 39 40 41 42 43 44 45 46 47 48 
41 0.9,0.6;41 0.9,0.6 0;41 0.9,0.6

0.4(4):62787(1.1336,1.33346,1.2872),84589(1.31971,1.42791,-1.2872)
0 1 2 3 4 5 6 7 8 9 10 11 12 13 14 15 16 17 18 19 20 21 22 23 24 25 26 27 28 29 30 31 32 33 34 35 36 37 38 39 40 41 42 43 44 45 46 47 48 , 0 1 2 3 4 5 6 7 8 9 10 11 12 13 14 15 16 17 18 19 20 21 22 23 24 25 26 27 28 29 30 31 32 33 34 35 36 37 38 39 40 41 42 43 44 45 46 47 48 
41 0.9,0.6;41 0.9,0.6 0;41 0.9,0.6

0.5(5):62787(1.15618,1.42057,1.3472),84528(1.32033,1.31673,-1.3472)
0 1 2 3 4 5 6 7 8 9 10 11 12 13 14 15 16 17 18 19 20 21 22 23 24 25 26 27 28 29 30 31 32 33 34 35 36 37 38 39 40 41 42 43 44 45 46 47 48 , 0 1 2 3 4 5 6 7 8 9 10 11 12 13 14 15 16 17 18 19 20 21 22 23 24 25 26 27 28 29 30 31 32 33 34 35 36 37 38 39 40 41 42 43 44 45 46 47 48 
41 0.9,0.6;41 0.9,0.6 0;41 0.9,0.6

0.6(6):65439(1.17349,1.50887,1.4072),80746(1.31234,1.20533,-1.4072)
0 1 2 3 4 5 6 7 8 9 10 11 12 13 14 15 16 17 18 19 20 21 22 23 24 25 26 27 28 29 30 31 32 33 34 35 36 37 38 39 40 41 42 43 44 45 46 47 48 , 0 1 2 3 4 5 6 7 8 9 10 11 12 13 14 15 16 17 18 19 20 21 22 23 24 25 26 27 28 29 30 31 32 33 34 35 36 37 38 39 40 41 42 43 44 45 46 47 48 
20 0.9,-0.3;20 0.9,-0.3 0;20 0.9,-0.3

0.7(7):62838(1.18948,1.59744,1.3772),80745(1.19196,1.21041,-1.3772)
0 1 2 3 4 5 6 7 8 9 10 11 12 13 14 15 16 17 18 19 20 21 22 23 24 25 26 27 28 29 30 31 32 33 34 35 36 37 38 39 40 41 42 43 44 45 46 47 48 , 0 1 2 3 4 5 6 7 8 9 10 11 12 13 14 15 16 17 18 19 20 21 22 23 24 25 26 27 28 29 30 31 32 33 34 35 36 37 38 39 40 41 42 43 44 45 46 47 48 
41 0.9,0.6;41 0.9,0.6 0;41 0.9,0.6

0.8(8):65439(1.20413,1.68622,1.4372),80684(1.17684,1.10675,-1.4372)
0 1 2 3 4 5 6 7 8 9 10 11 12 13 14 15 16 17 18 19 20 21 22 23 24 25 26 27 28 29 30 31 32 33 34 35 36 37 38 39 40 41 42 43 44 45 46 47 48 , 0 1 2 3 4 5 6 7 8 9 10 11 12 13 14 15 16 17 18 19 20 21 22 23 24 25 26 27 28 29 30 31 32 33 34 35 36 37 38 39 40 41 42 43 44 45 46 47 48 
20 0.9,-0.3;20 0.9,-0.3 0;20 0.9,-0.3

0.9(9):65490(1.21746,1.77523,1.4072),80683(1.0585,1.10765,-1.4072)
0 1 2 3 4 5 6 7 8 9 10 11 12 13 14 15 16 17 18 19 20 21 22 23 24 25 26 27 28 29 30 31 32 33 34 35 36 37 38 39 40 41 42 43 44 45 46 47 48 , 0 1 2 3 4 5 6 7 8 9 10 11 12 13 14 15 16 17 18 19 20 21 22 23 24 25 26 27 28 29 30 31 32 33 34 35 36 37 38 39 40 41 42 43 44 45 46 47 48 
20 0.9,-0.3;20 0.9,-0.3 0;20 0.9,-0.3

1(10):62889(1.23345,1.86379,1.3772),80681(0.941165,1.10517,-1.3772)
0 1 2 3 4 5 6 7 8 9 10 11 12 13 14 15 16 17 18 19 20 21 22 23 24 25 26 27 28 29 30 31 32 33 34 35 36 37 38 39 40 41 42 43 44 45 46 47 48 , 0 1 2 3 4 5 7 8 9 10 11 12 13 14 15 16 17 18 19 20 21 22 23 24 25 26 27 28 29 30 31 32 33 34 35 36 37 38 39 40 41 42 43 44 45 46 47 48 
41 0.9,0.6;41 0.9,0.6 0;41 0.9,0.6

1.1(11):65541(1.2481,1.95258,1.4372),80620(0.920191,1.01673,-1.4372)
0 1 2 3 4 5 6 7 8 9 10 11 12 13 14 15 16 17 18 19 20 21 22 23 24 25 26 27 28 29 30 31 32 33 34 35 36 37 38 39 40 41 42 43 44 45 46 47 48 , 0 1 2 3 4 5 7 8 9 10 11 12 13 14 15 16 17 18 19 20 21 22 23 24 25 26 27 28 29 30 31 32 33 34 35 36 37 38 39 40 41 42 43 44 45 46 47 48 
20 0.9,-0.3;20 0.9,-0.3 0;20 0.9,-0.3

1.2(12):65541(1.26143,2.04158,1.4072),80619(0.804668,1.00997,-1.4072)
0 1 2 3 4 5 6 7 8 9 10 11 12 13 14 15 16 17 18 19 20 21 22 23 24 25 26 27 28 29 30 31 32 33 34 35 36 37 38 39 40 41 42 43 44 45 46 47 48 , 0 1 2 7 8 9 10 14 15 16 17 18 21 22 23 24 25 26 28 29 30 31 32 33 34 35 36 37 38 39 40 41 42 43 44 45 46 47 48 
20 0.9,-0.3;26 0.6,0 0.18;26 0.6,0

1.3(13):65592(1.2712,2.10078,1.4072),80619(0.750042,0.97741,-1.4072)
0 1 2 3 4 5 6 7 8 9 10 11 12 13 14 15 16 17 18 19 20 21 22 23 24 25 26 27 28 29 30 31 32 33 34 35 36 37 38 39 40 41 42 43 44 45 46 47 48 , 0 1 2 7 8 9 10 14 15 16 17 18 21 22 23 24 25 26 28 29 30 31 32 33 34 35 36 37 38 39 40 41 42 43 44 45 46 47 48 
20 0.9,-0.3;26 0.6,0 0.18;26 0.6,0

1.4(14):65592(1.28097,2.15998,1.4072),80557(0.695417,0.94485,-1.4072)
0 1 2 3 4 5 6 7 8 9 10 11 12 13 14 15 16 17 18 19 20 21 22 23 24 25 26 27 28 29 30 31 32 33 34 35 36 37 38 39 40 41 42 43 44 45 46 47 48 , 21 22 23 35 42 43 
20 0.9,-0.3;23 -0.3,0 1.53;23 -0.3,0

1.5(15):65592(1.27609,2.13038,1.4072),80557(0.730792,0.912291,-1.4072)
0 1 2 3 4 5 6 7 8 9 10 11 12 13 14 15 16 17 18 19 20 21 22 23 24 25 26 27 28 29 30 31 32 33 34 35 36 37 38 39 40 41 42 43 44 45 46 47 48 , 21 22 23 35 42 43 
20 0.9,-0.3;23 -0.3,0 1.53;23 -0.3,0

1.6(16):65592(1.2712,2.10078,1.4072),84218(0.776572,0.833879,-1.3372)
0 1 2 3 4 5 6 7 8 9 10 11 12 13 14 15 16 17 18 19 20 21 22 23 24 25 26 27 28 29 30 31 32 33 34 35 36 37 38 39 40 41 42 43 44 45 46 47 48 , 21 22 23 35 42 43 44 45 
20 0.9,-0.3;23 -0.3,0 1.53;23 -0.3,0

1.7(17):65541(1.26631,2.07118,1.4072),84218(0.827798,0.756764,-1.2672)
0 1 2 3 4 5 6 7 8 9 10 11 12 13 14 15 16 17 18 19 20 21 22 23 24 25 26 27 28 29 30 31 32 33 34 35 36 37 38 39 40 41 42 43 44 45 46 47 48 , 21 22 23 35 42 43 44 45 
20 0.9,-0.3;23 -0.3,0 1.53;23 -0.3,0

1.8(18):65541(1.26143,2.04158,1.4072),87879(0.884366,0.681321,-1.1972)
0 1 2 3 4 5 6 7 8 9 10 11 12 13 14 15 16 17 18 19 20 21 22 23 24 25 26 27 28 29 30 31 32 33 34 35 36 37 38 39 40 41 42 43 44 45 46 47 48 , 7 14 21 22 28 29 30 35 36 37 42 43 44 45 
20 0.9,-0.3;30 -0.3,0.3 1.8;30 -0.3,0.3

1.9(19):65541(1.25699,2.01191,1.4372),87819(0.963964,0.579718,-1.1572)
0 1 2 3 4 5 6 7 8 9 10 11 12 13 14 15 16 17 18 19 20 21 22 23 24 25 26 27 28 29 30 31 32 33 34 35 36 37 38 39 40 41 42 43 44 45 46 47 48 , 0 1 2 7 8 9 10 14 15 16 17 18 21 22 23 24 25 26 28 29 30 31 32 33 35 36 37 38 39 40 41 42 43 44 45 46 47 48 
20 0.9,-0.3;26 0.6,0 0.18;26 0.6,0

2(20):65541(1.26498,2.07138,1.4372),91478(0.938653,0.507649,-1.0872)
0 1 2 3 4 5 6 7 8 9 10 11 12 13 14 15 16 17 18 19 20 21 22 23 24 25 26 27 28 29 30 31 32 33 34 35 36 37 38 39 40 41 42 43 44 45 46 47 48 , 7 14 21 22 28 29 35 36 37 42 43 44 
20 0.9,-0.3;37 -0.3,0.6 2.25;37 -0.3,0.6

2.1(21):65541(1.26188,2.04155,1.4972),91418(1.03279,0.377831,-1.0772)
0 1 2 3 4 5 6 7 8 9 10 11 12 13 14 15 16 17 18 19 20 21 22 23 24 25 26 27 28 29 30 31 32 33 34 35 36 37 38 39 40 41 42 43 44 45 46 47 48 , 0 1 2 3 7 8 9 10 14 15 16 17 18 21 22 23 24 25 28 29 30 31 32 33 35 36 37 38 39 40 42 43 44 45 46 47 
20 0.9,-0.3;18 0.3,-0.3 0.36;18 0.3,-0.3

2.2(22):65541(1.26453,2.07143,1.4672),95078(1.03339,0.340364,-0.977198)
0 1 2 3 4 5 6 7 8 9 10 11 12 13 14 15 16 17 18 19 20 21 22 23 24 25 26 27 28 29 30 31 32 33 34 35 36 37 38 39 40 41 42 43 44 45 46 47 48 , 0 1 2 3 7 8 9 10 14 15 16 17 18 21 22 23 24 25 28 29 30 31 32 35 36 37 38 39 42 43 44 45 46 47 
20 0.9,-0.3;18 0.3,-0.3 0.36;18 0.3,-0.3

2.3(23):65592(1.26808,2.10121,1.4372),98799(1.04167,0.307503,-0.877198)
0 1 2 3 4 5 6 7 8 9 10 11 12 13 14 15 16 17 18 19 20 21 22 23 24 25 26 27 28 29 30 31 32 33 34 35 36 37 38 39 40 41 42 43 44 45 46 47 48 , 0 1 2 3 7 8 9 10 14 15 16 17 18 21 22 23 24 25 28 29 30 31 32 35 36 37 38 39 42 43 44 45 46 
20 0.9,-0.3;18 0.3,-0.3 0.36;18 0.3,-0.3

2.4(24):65592(1.27252,2.13088,1.4072),102521(1.05701,0.280108,-0.777198)
0 1 2 3 4 5 6 7 8 9 10 11 12 13 14 15 16 17 18 19 20 21 22 23 24 25 26 27 28 29 30 31 32 33 34 35 36 37 38 39 40 41 42 43 44 45 46 47 48 , 0 1 2 3 4 5 6 7 8 9 10 11 12 13 14 15 16 17 18 19 20 21 22 23 24 25 26 27 28 29 30 31 32 33 34 35 36 37 38 39 40 41 42 43 44 45 46 47 48 
20 0.9,-0.3;20 0.9,-0.3 0;20 0.9,-0.3

2.5(25):62991(1.28851,2.21945,1.3772),106241(1.01868,0.258068,-0.677198)
0 1 2 3 4 5 6 7 8 9 10 11 12 13 14 15 16 17 18 19 20 21 22 23 24 25 26 27 28 29 30 31 32 33 34 35 36 37 38 39 40 41 42 43 44 45 46 47 48 , 0 1 2 7 8 9 10 14 15 16 17 21 22 23 24 25 28 29 30 31 32 35 36 37 38 39 42 43 44 45 46 
27 0.9,0;25 0.3,0 0.36;25 0.3,0

2.6(26):62991(1.29428,2.24889,1.3772),109902(1.05273,0.210161,-0.607198)
0 1 2 3 4 5 6 7 8 9 10 11 12 13 14 15 16 17 18 19 20 21 22 23 24 25 26 27 28 29 30 31 32 33 34 35 36 37 38 39 40 41 42 43 44 45 46 47 48 , 0 1 2 3 4 5 6 7 8 9 10 11 12 13 14 15 16 17 18 19 20 21 22 23 24 25 26 27 28 29 30 31 32 33 34 35 36 37 38 39 40 41 42 43 44 45 46 47 48 
27 0.9,0;27 0.9,0 0;27 0.9,0

2.7(27):63043(1.3116,2.33721,1.3772),113622(1.02998,0.166852,-0.537198)
0 1 2 3 4 5 6 7 8 9 10 11 12 13 14 15 16 17 18 19 20 21 22 23 24 25 26 27 28 29 30 31 32 33 34 35 36 37 38 39 40 41 42 43 44 45 46 47 48 , 0 1 2 7 8 9 10 14 15 16 17 21 22 23 24 28 29 30 31 35 36 37 38 39 42 43 44 45 46 
48 0.9,0.9;46 0.3,0.9 0.36;46 0.3,0.9

2.8(28):65644(1.31604,2.36687,1.4672),109780(1.07721,0.0303069,-0.557198)
0 1 2 3 4 5 6 7 8 9 10 11 12 13 14 15 16 17 18 19 20 21 22 23 24 25 26 27 28 29 30 31 32 33 34 35 36 37 38 39 40 41 42 43 44 45 46 47 48 , 0 1 2 3 4 5 6 7 8 9 10 11 12 13 14 15 16 17 18 19 20 21 22 23 24 25 26 27 28 29 30 31 32 33 34 35 36 37 38 39 40 41 42 43 44 45 46 47 48 
48 0.9,0.9;48 0.9,0.9 0;48 0.9,0.9

2.9(29):65644(1.32131,2.45668,1.5572),109719(1.05115,-0.10855,-0.577198)
0 1 2 3 4 5 6 7 8 9 10 11 12 13 14 15 16 17 18 19 20 21 22 23 24 25 26 27 28 29 30 31 32 33 34 35 36 37 38 39 40 41 42 43 44 45 46 47 48 , 0 1 2 3 4 5 6 7 8 9 10 11 12 13 14 15 16 17 18 19 20 21 22 23 24 25 26 27 28 29 30 31 32 33 34 35 36 37 38 39 40 41 42 43 44 45 46 47 48 
48 0.9,0.9;48 0.9,0.9 0;48 0.9,0.9

3(30):68296(1.31848,2.54661,1.6472),109657(1.01179,-0.245804,-0.597198)
0 1 2 3 4 5 6 7 8 9 10 11 12 13 14 15 16 17 18 19 20 21 22 23 24 25 26 27 28 29 30 31 32 33 34 35 36 37 38 39 40 41 42 43 44 45 46 47 48 , 0 1 2 3 4 7 8 9 10 11 14 15 16 17 18 21 22 23 24 28 29 30 31 35 36 37 38 42 43 44 
41 0.9,0.6;38 0,0.6 0.81;38 0,0.6

3.1(31):68296(1.31848,2.54661,1.7072),105876(1.05065,-0.348795,-0.657198)
0 1 2 3 4 5 6 7 8 9 10 11 12 13 14 15 16 17 18 19 20 21 22 23 24 25 26 27 28 29 30 31 32 33 34 35 36 37 38 39 40 41 42 43 44 45 46 47 48 , 0 1 2 3 4 5 6 7 8 9 10 11 12 13 14 15 16 17 18 19 20 21 22 23 24 25 26 27 28 29 30 31 32 33 34 35 36 37 38 39 40 41 42 43 44 45 46 47 48 
41 0.9,0.6;41 0.9,0.6 0;41 0.9,0.6

t0=3.2,xb=(1.30358,2.63535,1.7672)
3.2(32):68296(1.30358,2.63535,1.7672),105753(0.990652,-0.454479,-0.717198)
0 1 2 3 4 5 6 7 8 9 10 11 12 13 14 15 16 17 18 19 20 21 22 23 24 25 26 27 28 29 30 31 32 33 34 35 36 37 38 39 40 41 42 43 44 45 46 47 48 , 0 1 2 3 4 5 7 8 9 10 11 14 15 16 17 18 21 22 23 24 25 28 29 30 31 35 36 37 42 43 44 
41 0.9,0.6;25 0.3,0 0.72;25 0.3,0

3.3(33):68295(1.29772,2.66477,1.7672),105753(1.01341,-0.500488,-0.717198)
0 1 2 3 4 5 6 7 8 9 10 11 12 13 14 15 16 17 18 19 20 21 22 23 24 25 26 27 28 29 30 31 32 33 34 35 36 37 38 39 40 41 42 43 44 45 46 47 48 , 0 1 2 3 4 5 7 8 9 10 11 14 15 16 17 18 21 22 23 24 25 28 29 30 31 35 36 37 42 43 44 
27 0.9,0;25 0.3,0 0.36;25 0.3,0

3.4(34):68295(1.29187,2.6942,1.7672),105753(1.03616,-0.546497,-0.717198)
0 1 2 3 4 5 6 7 8 9 10 11 12 13 14 15 16 17 18 19 20 21 22 23 24 25 26 27 28 29 30 31 32 33 34 35 36 37 38 39 40 41 42 43 44 45 46 47 48 , 0 1 2 3 4 5 7 8 9 10 11 14 15 16 17 18 21 22 23 24 25 28 29 30 31 35 36 37 42 43 44 
27 0.9,0;25 0.3,0 0.36;25 0.3,0

3.5(35):68346(1.28601,2.72362,1.7672),105693(1.05892,-0.592507,-0.717198)
0 1 2 3 4 5 6 7 8 9 10 11 12 13 14 15 16 17 18 19 20 21 22 23 24 25 26 27 28 29 30 31 32 33 34 35 36 37 38 39 40 41 42 43 44 45 46 47 48 , 0 1 2 3 4 5 6 7 8 9 10 11 12 13 14 15 16 17 18 19 20 21 22 23 24 25 26 27 28 29 30 31 32 33 34 35 36 37 38 39 40 42 43 44 45 46 47 
27 0.9,0;27 0.9,0 0;27 0.9,0

3.6(36):68346(1.26845,2.81189,1.7672),105692(1.02167,-0.638516,-0.717198)
0 1 2 3 4 5 6 7 8 9 10 11 12 13 14 15 16 17 18 19 20 21 22 23 24 25 26 27 28 29 30 31 32 33 34 35 36 37 38 39 40 41 42 43 44 45 46 47 48 , 0 1 2 3 4 5 7 8 9 10 11 12 14 15 16 17 18 21 22 23 24 25 28 29 30 31 35 36 37 42 43 
27 0.9,0;25 0.3,0 0.36;25 0.3,0

3.7(37):68346(1.2626,2.84131,1.7672),105631(1.04443,-0.684525,-0.717198)
0 1 2 3 4 5 6 7 8 9 10 11 12 13 14 15 16 17 18 19 20 21 22 23 24 25 26 27 28 29 30 31 32 33 34 35 36 37 38 39 40 41 42 43 44 45 46 47 48 , 0 1 2 3 4 5 7 8 9 10 11 12 14 15 16 17 18 21 22 23 24 25 28 29 30 31 35 36 37 42 43 
27 0.9,0;25 0.3,0 0.36;25 0.3,0

3.8(38):68346(1.25674,2.87074,1.7672),105632(1.06718,-0.730534,-0.717198)
0 1 2 3 4 5 6 7 8 9 10 11 12 13 14 15 16 17 18 19 20 21 22 23 24 25 26 27 28 29 30 31 32 33 34 35 36 37 38 39 40 41 42 43 44 45 46 47 48 , 0 1 2 3 4 5 6 7 8 9 10 11 12 13 14 15 16 17 18 19 20 21 22 23 24 25 26 27 28 29 30 31 32 33 34 35 36 37 38 39 40 42 43 44 45 46 
27 0.9,0;27 0.9,0 0;27 0.9,0

3.9(39):68397(1.23918,2.95901,1.7672),105570(1.02994,-0.776544,-0.717198)
0 1 2 3 4 5 6 7 8 9 10 11 12 13 14 15 16 17 18 19 20 21 22 23 24 25 26 27 28 29 30 31 32 33 34 35 36 37 38 39 40 41 42 43 44 45 46 47 48 , 0 1 2 3 4 5 6 7 8 9 10 11 12 14 15 16 17 18 21 22 23 24 25 28 29 30 31 35 36 37 42 43 
6 0.9,-0.9;6 0.9,-0.9 0;6 0.9,-0.9

4(40):68397(1.22561,3.04795,1.6772),109353(1.06237,-0.72596,-0.627198)
0 1 2 3 4 5 6 7 8 9 10 11 12 13 14 15 16 17 18 19 20 21 22 23 24 25 26 27 28 29 30 31 32 33 34 35 36 37 38 39 40 41 42 43 44 45 46 47 48 , 0 1 2 3 4 5 6 7 8 9 10 11 12 13 14 15 16 17 18 19 20 21 22 23 24 25 26 27 28 29 30 31 32 33 34 35 36 37 38 39 40 42 43 44 45 46 
6 0.9,-0.9;6 0.9,-0.9 0;6 0.9,-0.9

4.1(41):65847(1.22009,3.13775,1.5872),113074(1.09358,-0.667406,-0.537198)
0 1 2 3 4 5 6 7 8 9 10 11 12 13 14 15 16 17 18 19 20 21 22 23 24 25 26 27 28 29 30 31 32 33 34 35 36 37 38 39 40 41 42 43 44 45 46 47 48 , 0 1 2 3 4 5 6 7 8 9 10 11 12 13 14 15 16 17 18 19 20 21 22 23 24 25 26 27 28 29 30 31 32 33 34 35 36 37 38 39 40 42 43 44 45 46 
20 0.9,-0.3;20 0.9,-0.3 0;20 0.9,-0.3

4.2(42):65847(1.21996,3.22774,1.5572),113074(1.0843,-0.669655,-0.507198)
0 1 2 3 4 5 6 7 8 9 10 11 12 13 14 15 16 17 18 19 20 21 22 23 24 25 26 27 28 29 30 31 32 33 34 35 36 37 38 39 40 41 42 43 44 45 46 47 48 , 0 1 2 3 4 5 6 7 8 9 10 11 12 13 14 15 16 17 18 19 20 21 22 23 24 25 26 27 28 29 30 31 32 33 34 35 36 37 38 39 40 42 43 44 45 46 
20 0.9,-0.3;20 0.9,-0.3 0;20 0.9,-0.3

4.3(43):65898(1.22254,3.3177,1.5272),113074(1.0761,-0.670329,-0.477198)
0 1 2 3 4 5 6 7 8 9 10 11 12 13 14 15 16 17 18 19 20 21 22 23 24 25 26 27 28 29 30 31 32 33 34 35 36 37 38 39 40 41 42 43 44 45 46 47 48 , 0 1 2 3 4 5 6 7 8 9 10 11 12 13 14 15 16 17 18 19 20 21 22 23 24 25 26 27 28 29 30 31 32 33 34 35 36 37 38 39 40 42 43 44 45 46 
20 0.9,-0.3;20 0.9,-0.3 0;20 0.9,-0.3

4.4(44):65898(1.22781,3.40754,1.4972),116795(1.06885,-0.669371,-0.447198)
0 1 2 3 4 5 6 7 8 9 10 11 12 13 14 15 16 17 18 19 20 21 22 23 24 25 26 27 28 29 30 31 32 33 34 35 36 37 38 39 40 41 42 43 44 45 46 47 48 , 0 1 2 3 4 5 6 7 8 9 10 11 12 13 14 15 16 17 18 19 20 21 22 23 24 25 26 27 28 29 30 31 32 33 34 35 36 37 38 39 40 42 43 44 45 46 
20 0.9,-0.3;20 0.9,-0.3 0;20 0.9,-0.3

4.5(45):65898(1.23577,3.49719,1.4672),116795(1.06246,-0.666723,-0.417198)
0 1 2 3 4 5 6 7 8 9 10 11 12 13 14 15 16 17 18 19 20 21 22 23 24 25 26 27 28 29 30 31 32 33 34 35 36 37 38 39 40 41 42 43 44 45 46 47 48 , 0 1 2 3 4 5 6 7 8 9 10 11 12 13 14 15 16 17 18 19 20 21 22 23 24 25 26 27 28 29 30 31 32 33 34 35 36 37 38 39 40 42 43 44 45 46 
20 0.9,-0.3;20 0.9,-0.3 0;20 0.9,-0.3

4.6(46):65949(1.24642,3.58655,1.4372),116795(1.05681,-0.662335,-0.387198)
0 1 2 3 4 5 6 7 8 9 10 11 12 13 14 15 16 17 18 19 20 21 22 23 24 25 26 27 28 29 30 31 32 33 34 35 36 37 38 39 40 41 42 43 44 45 46 47 48 , 0 1 2 3 4 5 6 7 8 9 10 11 12 13 14 15 16 17 18 19 20 21 22 23 24 25 26 27 28 29 30 31 32 33 34 35 36 37 38 39 40 42 43 44 45 46 
20 0.9,-0.3;20 0.9,-0.3 0;20 0.9,-0.3

4.7(47):65949(1.25974,3.67556,1.4072),116795(1.05179,-0.656163,-0.357198)
0 1 2 3 4 5 6 7 8 9 10 11 12 13 14 15 16 17 18 19 20 21 22 23 24 25 26 27 28 29 30 31 32 33 34 35 36 37 38 39 40 41 42 43 44 45 46 47 48 , 0 1 2 3 4 5 6 7 8 9 10 11 12 13 14 15 16 17 18 19 20 21 22 23 24 25 26 27 28 29 30 31 32 33 34 35 36 37 38 39 40 42 43 44 45 46 
20 0.9,-0.3;20 0.9,-0.3 0;20 0.9,-0.3

4.8(48):63399(1.27573,3.76412,1.3772),120576(1.0473,-0.648166,-0.327198)
0 1 2 3 4 5 6 7 8 9 10 11 12 13 14 15 16 17 18 19 20 21 22 23 24 25 26 27 28 29 30 31 32 33 34 35 36 37 38 39 40 41 42 43 44 45 46 47 48 , 0 1 2 3 4 5 7 8 9 10 11 14 15 16 17 18 21 22 23 24 28 29 30 31 35 36 37 42 43 
41 0.9,0.6;31 0,0.3 0.9;31 0,0.3

4.9(49):66000(1.27573,3.76412,1.4072),116795(1.09297,-0.703764,-0.357198)
0 1 2 3 4 5 6 7 8 9 10 11 12 13 14 15 16 17 18 19 20 21 22 23 24 25 26 27 28 29 30 31 32 33 34 35 36 37 38 39 40 41 42 43 44 45 46 47 48 , 0 1 2 3 4 5 6 7 8 9 10 11 12 13 14 15 16 17 18 19 20 21 22 23 24 25 26 27 28 29 30 31 32 33 34 35 36 37 38 39 40 42 43 44 45 46 
20 0.9,-0.3;20 0.9,-0.3 0;20 0.9,-0.3

5(50):63399(1.29172,3.85269,1.3772),120516(1.08989,-0.694511,-0.327198)
0 1 2 3 4 5 6 7 8 9 10 11 12 13 14 15 16 17 18 19 20 21 22 23 24 25 26 27 28 29 30 31 32 33 34 35 36 37 38 39 40 41 42 43 44 45 46 47 48 , 0 1 2 3 4 5 6 7 8 9 10 11 12 13 14 15 16 17 18 19 20 21 22 23 24 25 26 27 28 29 30 31 32 33 34 35 36 37 38 39 40 42 43 44 45 46 
41 0.9,0.6;40 0.6,0.6 0.09;40 0.6,0.6

5.1(51):66052(1.30149,3.91188,1.4372),116734(1.05114,-0.783247,-0.387198)
0 1 2 3 4 5 6 7 8 9 10 11 12 13 14 15 16 17 18 19 20 21 22 23 24 25 26 27 28 29 30 31 32 33 34 35 36 37 38 39 40 41 42 43 44 45 46 47 48 , 0 1 2 3 4 5 6 7 8 9 10 11 12 13 14 15 16 17 18 19 20 21 22 23 24 25 26 27 28 29 30 31 32 33 34 35 36 37 38 39 40 42 43 44 45 46 
27 0.9,0;27 0.9,0 0;27 0.9,0

5.2(52):66052(1.31348,4.00108,1.4372),116733(1.02595,-0.809679,-0.387198)
0 1 2 3 4 5 6 7 8 9 10 11 12 13 14 15 16 17 18 19 20 21 22 23 24 25 26 27 28 29 30 31 32 33 34 35 36 37 38 39 40 41 42 43 44 45 46 47 48 , 0 1 2 3 4 5 7 8 9 10 11 12 14 15 16 17 18 21 22 23 24 28 29 30 35 36 42 
27 0.9,0;12 0.6,-0.6 0.45;12 0.6,-0.6

5.3(53):63451(1.32325,4.06027,1.3772),120455(1.07898,-0.770998,-0.327198)
0 1 2 3 4 5 6 7 8 9 10 11 12 13 14 15 16 17 18 19 20 21 22 23 24 25 26 27 28 29 30 31 32 33 34 35 36 37 38 39 40 41 42 43 44 45 46 47 48 , 0 1 2 3 4 5 6 7 8 9 10 11 12 13 14 15 16 17 18 19 20 21 22 23 24 25 26 27 28 29 30 31 32 33 34 35 36 37 38 39 40 42 43 44 45 46 
41 0.9,0.6;40 0.6,0.6 0.09;40 0.6,0.6

5.4(54):66103(1.33302,4.11946,1.4372),116672(1.03566,-0.858943,-0.387198)
0 1 2 3 4 5 6 7 8 9 10 11 12 13 14 15 16 17 18 19 20 21 22 23 24 25 26 27 28 29 30 31 32 33 34 35 36 37 38 39 40 41 42 43 44 45 46 47 48 , 0 1 2 3 4 5 6 7 8 9 10 11 12 14 15 16 17 18 21 22 23 24 28 29 30 35 36 42 
27 0.9,0;12 0.6,-0.6 0.45;12 0.6,-0.6

5.5(55):63502(1.34279,4.17865,1.3772),120455(1.09163,-0.819592,-0.327198)
0 1 2 3 4 5 6 7 8 9 10 11 12 13 14 15 16 17 18 19 20 21 22 23 24 25 26 27 28 29 30 31 32 33 34 35 36 37 38 39 40 41 42 43 44 45 46 47 48 , 0 1 2 3 4 5 6 7 8 9 10 11 12 13 14 15 16 17 18 19 20 21 22 23 24 25 26 27 28 29 30 31 32 33 34 35 36 37 38 39 40 42 43 44 45 46 
48 0.9,0.9;40 0.6,0.6 0.18;40 0.6,0.6

5.6(56):66103(1.35256,4.23784,1.4372),116672(1.04537,-0.908207,-0.387198)
0 1 2 3 4 5 6 7 8 9 10 11 12 13 14 15 16 17 18 19 20 21 22 23 24 25 26 27 28 29 30 31 32 33 34 35 36 37 38 39 40 41 42 43 44 45 46 47 48 , 0 1 2 3 4 5 6 7 8 9 10 11 12 14 15 16 17 18 21 22 23 24 28 29 30 35 36 42 
27 0.9,0;12 0.6,-0.6 0.45;12 0.6,-0.6

5.7(57):63502(1.36233,4.29703,1.3772),120394(1.10427,-0.868185,-0.327198)
0 1 2 3 4 5 6 7 8 9 10 11 12 13 14 15 16 17 18 19 20 21 22 23 24 25 26 27 28 29 30 31 32 33 34 35 36 37 38 39 40 41 42 43 44 45 46 47 48 , 0 1 2 3 4 5 6 7 8 9 10 11 12 13 14 15 16 17 18 19 20 21 22 23 24 25 26 27 28 29 30 31 32 33 34 35 36 37 38 39 40 42 43 44 45 
48 0.9,0.9;40 0.6,0.6 0.18;40 0.6,0.6

5.8(58):66154(1.3721,4.35622,1.4372),116612(1.05508,-0.957472,-0.387198)
0 1 2 3 4 5 6 7 8 9 10 11 12 13 14 15 16 17 18 19 20 21 22 23 24 25 26 27 28 29 30 31 32 33 34 35 36 37 38 39 40 41 42 43 44 45 46 47 48 , 0 1 2 3 4 5 6 7 8 9 10 11 12 13 14 15 16 17 18 19 20 21 22 23 24 25 26 27 28 29 30 31 32 33 34 35 36 37 38 39 42 43 44 45 
27 0.9,0;27 0.9,0 0;27 0.9,0

5.9(59):66154(1.38409,4.44541,1.4372),116611(1.0299,-0.983904,-0.387198)
0 1 2 3 4 5 6 7 8 9 10 11 12 13 14 15 16 17 18 19 20 21 22 23 24 25 26 27 28 29 30 31 32 33 34 35 36 37 38 39 40 41 42 43 44 45 46 47 48 , 0 1 2 3 4 5 6 7 8 9 10 11 12 14 15 16 17 18 21 22 23 24 28 29 30 35 36 42 
27 0.9,0;12 0.6,-0.6 0.45;12 0.6,-0.6

6(60):63604(1.39386,4.5046,1.3772),120394(1.09336,-0.944673,-0.327198)
0 1 2 3 4 5 6 7 8 9 10 11 12 13 14 15 16 17 18 19 20 21 22 23 24 25 26 27 28 29 30 31 32 33 34 35 36 37 38 39 40 41 42 43 44 45 46 47 48 , 0 1 2 3 4 5 6 7 8 9 10 11 12 13 14 15 16 17 18 19 20 21 22 23 24 25 26 27 28 29 30 31 32 33 34 35 36 37 38 39 40 42 43 44 45 
41 0.9,0.6;40 0.6,0.6 0.09;40 0.6,0.6

6.1(61):66205(1.40363,4.56379,1.4372),116611(1.0396,-1.03317,-0.387198)
0 1 2 3 4 5 6 7 8 9 10 11 12 13 14 15 16 17 18 19 20 21 22 23 24 25 26 27 28 29 30 31 32 33 34 35 36 37 38 39 40 41 42 43 44 45 46 47 48 , 0 1 2 3 4 5 6 7 8 9 10 11 12 14 15 16 17 18 21 22 23 24 28 29 30 35 36 42 
27 0.9,0;12 0.6,-0.6 0.45;12 0.6,-0.6

6.2(62):63604(1.4134,4.62298,1.3772),120333(1.10601,-0.993267,-0.327198)
0 1 2 3 4 5 6 7 8 9 10 11 12 13 14 15 16 17 18 19 20 21 22 23 24 25 26 27 28 29 30 31 32 33 34 35 36 37 38 39 40 41 42 43 44 45 46 47 48 , 0 1 2 3 4 5 6 7 8 9 10 11 12 13 14 15 16 17 18 19 20 21 22 23 24 25 26 27 28 29 30 31 32 33 35 36 37 38 39 42 43 44 45 
41 0.9,0.6;33 0.6,0.3 0.18;33 0.6,0.3

6.3(63):66205(1.42406,4.68203,1.4072),116612(1.08131,-1.04957,-0.357198)
0 1 2 3 4 5 6 7 8 9 10 11 12 13 14 15 16 17 18 19 20 21 22 23 24 25 26 27 28 29 30 31 32 33 34 35 36 37 38 39 40 41 42 43 44 45 46 47 48 , 0 1 2 3 4 5 6 7 8 9 10 11 12 13 14 15 16 17 18 19 20 21 22 23 24 25 26 27 28 29 30 31 32 33 34 35 36 37 38 39 42 43 44 45 
27 0.9,0;27 0.9,0 0;27 0.9,0

t0=6.4,xb=(1.43872,4.77083,1.4072)
6.4(64):66256(1.43872,4.77083,1.4072),116551(1.05689,-1.07405,-0.357198)
0 1 2 3 4 5 6 7 8 9 10 11 12 13 14 15 16 17 18 19 20 21 22 23 24 25 26 27 28 29 30 31 32 33 34 35 36 37 38 39 40 41 42 43 44 45 46 47 48 , 0 1 2 3 4 5 6 7 8 9 10 11 12 13 14 15 16 17 18 19 20 21 22 23 24 25 26 27 28 29 30 31 32 33 35 36 37 38 39 42 43 44 45 46 47 48 
27 0.9,0;27 0.9,0 0;27 0.9,0

6.5(65):66256(1.45338,4.85962,1.4072),116550(1.03247,-1.09852,-0.357198)
0 1 2 3 4 5 6 7 8 9 10 11 12 13 14 15 16 17 18 19 20 21 22 23 24 25 26 27 28 29 30 31 32 33 34 35 36 37 38 39 40 41 42 43 44 45 46 47 48 , 0 1 2 3 4 5 6 7 8 9 10 11 12 14 15 16 17 18 21 22 23 24 28 29 30 35 36 42 43 44 45 
27 0.9,0;12 0.6,-0.6 0.45;12 0.6,-0.6

6.6(66):63706(1.46492,4.91849,1.3472),120272(1.10345,-1.05693,-0.297198)
0 1 2 3 4 5 6 7 8 9 10 11 12 13 14 15 16 17 18 19 20 21 22 23 24 25 26 27 28 29 30 31 32 33 34 35 36 37 38 39 40 41 42 43 44 45 46 47 48 , 0 1 2 3 4 5 6 7 8 9 10 11 12 13 14 15 16 17 18 19 20 21 22 23 24 25 26 27 28 29 30 31 32 33 35 36 37 38 39 42 43 44 45 
41 0.9,0.6;33 0.6,0.3 0.18;33 0.6,0.3

6.7(67):63706(1.47734,4.97719,1.3772),120272(1.07755,-1.11115,-0.327198)
0 1 2 3 4 5 6 7 8 9 10 11 12 13 14 15 16 17 18 19 20 21 22 23 24 25 26 27 28 29 30 31 32 33 34 35 36 37 38 39 40 41 42 43 44 45 46 47 48 , 0 1 2 3 4 5 6 7 8 9 10 11 12 13 14 15 16 17 18 19 20 21 22 23 24 25 26 27 28 29 30 31 32 33 35 36 37 38 39 42 43 44 45 
41 0.9,0.6;33 0.6,0.3 0.18;33 0.6,0.3

6.8(68):66307(1.488,5.03623,1.4072),116489(1.04932,-1.16655,-0.357198)
0 1 2 3 4 5 6 7 8 9 10 11 12 13 14 15 16 17 18 19 20 21 22 23 24 25 26 27 28 29 30 31 32 33 34 35 36 37 38 39 40 41 42 43 44 45 46 47 48 , 0 1 2 3 4 5 6 7 8 9 10 11 12 14 15 16 17 18 21 22 23 24 28 29 30 35 36 37 38 39 42 43 44 45 
27 0.9,0;12 0.6,-0.6 0.45;12 0.6,-0.6

6.9(69):63706(1.49954,5.0951,1.3472),120272(1.12435,-1.12383,-0.297198)
0 1 2 3 4 5 6 7 8 9 10 11 12 13 14 15 16 17 18 19 20 21 22 23 24 25 26 27 28 29 30 31 32 33 34 35 36 37 38 39 40 41 42 43 44 45 46 47 48 , 0 1 2 3 4 5 6 7 8 9 10 11 12 13 14 15 16 17 18 19 20 21 22 23 24 25 26 27 28 29 30 31 32 33 35 36 37 38 39 42 43 44 45 
41 0.9,0.6;33 0.6,0.3 0.18;33 0.6,0.3

7(70):63758(1.51197,5.1538,1.3772),120211(1.09643,-1.17864,-0.327198)
0 1 2 3 4 5 6 7 8 9 10 11 12 13 14 15 16 17 18 19 20 21 22 23 24 25 26 27 28 29 30 31 32 33 34 35 36 37 38 39 40 41 42 43 44 45 46 47 48 , 0 1 2 3 4 5 6 7 8 9 10 11 12 13 14 15 16 17 18 19 20 21 22 23 24 25 26 27 28 29 30 31 32 33 35 36 37 38 39 40 41 42 43 44 45 46 47 48 
48 0.9,0.9;48 0.9,0.9 0;48 0.9,0.9

7.1(71):66359(1.52529,5.24278,1.4672),116428(0.960178,-1.29674,-0.417198)
0 1 2 3 4 5 6 7 8 9 10 11 12 13 14 15 16 17 18 19 20 21 22 23 24 25 26 27 28 29 30 31 32 33 34 35 36 37 38 39 40 41 42 43 44 45 46 47 48 , 0 1 2 3 4 5 6 7 8 9 10 11 12 13 14 15 16 17 18 19 20 21 22 23 24 25 26 27 28 29 30 31 32 33 35 36 37 38 39 42 43 44 
27 0.9,0;27 0.9,0 0;27 0.9,0

7.2(72):66410(1.5346,5.3323,1.4672),116427(0.934174,-1.3251,-0.417198)
0 1 2 3 4 5 6 7 8 9 10 11 12 13 14 15 16 17 18 19 20 21 22 23 24 25 26 27 28 29 30 31 32 33 34 35 36 37 38 39 40 41 42 43 44 45 46 47 48 , 0 1 2 3 7 8 9 13 14 15 16 17 18 21 22 23 24 28 29 30 35 
41 0.9,0.6;18 0.3,-0.3 1.17;18 0.3,-0.3

7.3(73):66410(1.53815,5.36209,1.4372),116428(1.00832,-1.32337,-0.387198)
0 1 2 3 4 5 6 7 8 9 10 11 12 13 14 15 16 17 18 19 20 21 22 23 24 25 26 27 28 29 30 31 32 33 34 35 36 37 38 39 40 41 42 43 44 45 46 47 48 , 0 1 2 3 4 5 6 7 8 9 10 11 12 13 14 15 16 17 18 19 20 21 22 23 24 25 26 27 28 29 30 31 32 33 35 36 37 38 39 42 43 44 
41 0.9,0.6;33 0.6,0.3 0.18;33 0.6,0.3

7.4(74):66410(1.54525,5.42166,1.4672),116367(0.972179,-1.38048,-0.417198)
0 1 2 3 4 5 6 7 8 9 10 11 12 13 14 15 16 17 18 19 20 21 22 23 24 25 26 27 28 29 30 31 32 33 34 35 36 37 38 39 40 41 42 43 44 45 46 47 48 , 0 1 2 3 4 5 6 7 8 9 10 11 12 13 14 15 16 17 18 19 20 21 22 23 24 25 26 27 28 29 30 31 32 33 35 36 37 38 39 40 41 42 43 44 45 46 47 
41 0.9,0.6;41 0.9,0.6 0;41 0.9,0.6

7.5(75):66461(1.55186,5.5114,1.5272),112584(0.859885,-1.46574,-0.477198)
0 1 2 3 4 5 6 7 8 9 10 11 12 13 14 15 16 17 18 19 20 21 22 23 24 25 26 27 28 29 30 31 32 33 34 35 36 37 38 39 40 41 42 43 44 45 46 47 48 , 0 1 2 3 4 5 6 7 8 9 10 11 12 13 14 15 16 17 18 19 20 21 22 23 24 25 26 27 28 29 30 31 32 33 35 36 37 38 42 43 44 
27 0.9,0;27 0.9,0 0;27 0.9,0

7.6(76):66461(1.55579,5.60132,1.5272),112583(0.832065,-1.49789,-0.477198)
0 1 2 3 4 5 6 7 8 9 10 11 12 13 14 15 16 17 18 19 20 21 22 23 24 25 26 27 28 29 30 31 32 33 34 35 36 37 38 39 40 41 42 43 44 45 46 47 48 , 0 1 2 3 4 7 8 9 10 14 15 16 17 18 19 21 22 23 24 28 29 30 35 
27 0.9,0;19 0.6,-0.3 0.18;19 0.6,-0.3

7.7(77):66461(1.5593,5.66121,1.4972),116305(0.879746,-1.50343,-0.447198)
0 1 2 3 4 5 6 7 8 9 10 11 12 13 14 15 16 17 18 19 20 21 22 23 24 25 26 27 28 29 30 31 32 33 34 35 36 37 38 39 40 41 42 43 44 45 46 47 48 , 0 1 2 3 4 5 6 7 8 9 10 11 12 13 14 15 16 17 18 19 20 21 22 23 24 25 26 27 28 29 30 31 32 33 35 36 37 38 42 43 44 
27 0.9,0;27 0.9,0 0;27 0.9,0

7.8(78):66512(1.56592,5.75097,1.4972),116305(0.852862,-1.5337,-0.447198)
0 1 2 3 4 5 6 7 8 9 10 11 12 13 14 15 16 17 18 19 20 21 22 23 24 25 26 27 28 29 30 31 32 33 34 35 36 37 38 39 40 41 42 43 44 45 46 47 48 , 0 1 2 3 4 5 6 7 8 9 10 11 12 13 14 15 16 17 18 19 20 21 22 23 24 25 26 27 28 29 30 31 32 33 35 36 37 38 42 43 44 
27 0.9,0;27 0.9,0 0;27 0.9,0

7.9(79):66512(1.57253,5.84073,1.4972),116243(0.825978,-1.56397,-0.447198)
0 1 2 3 4 5 6 7 8 9 10 11 12 13 14 15 16 17 18 19 20 21 22 23 24 25 26 27 28 29 30 31 32 33 34 35 36 37 38 39 40 41 42 43 44 45 46 47 48 , 0 1 2 3 4 5 6 7 8 9 10 11 12 13 14 15 16 17 18 19 21 22 23 24 28 29 30 35 36 37 38 42 43 
27 0.9,0;19 0.6,-0.3 0.18;19 0.6,-0.3

8(80):66563(1.57784,5.90049,1.4672),116244(0.876524,-1.56776,-0.417198)
0 1 2 3 4 5 6 7 8 9 10 11 12 13 14 15 16 17 18 19 20 21 22 23 24 25 26 27 28 29 30 31 32 33 34 35 36 37 38 39 40 41 42 43 44 45 46 47 48 , 0 1 2 3 4 5 6 7 8 9 10 11 12 13 14 15 16 17 18 19 20 21 22 23 24 25 26 27 28 29 30 31 32 33 35 36 37 38 39 40 41 42 43 44 45 46 47 
48 0.9,0.9;41 0.9,0.6 0.09;41 0.9,0.6

8.1(81):66563(1.58446,5.99023,1.5272),112522(0.753172,-1.64695,-0.477198)
0 1 2 3 4 5 6 7 8 9 10 11 12 13 14 15 16 17 18 19 20 21 22 23 24 25 26 27 28 29 30 31 32 33 34 35 36 37 38 39 40 41 42 43 44 45 46 47 48 , 0 1 2 3 4 5 6 7 8 9 10 11 12 13 14 15 16 17 18 19 21 22 23 24 28 29 30 35 42 43 44 
48 0.9,0.9;44 -0.3,0.9 1.44;44 -0.3,0.9

8.2(82):69164(1.5845,5.96024,1.6172),108739(0.691096,-1.74693,-0.567198)
0 1 2 3 4 5 6 7 8 9 10 11 12 13 14 15 16 17 18 19 20 21 22 23 24 25 26 27 28 29 30 31 32 33 34 35 36 37 38 39 40 41 42 43 44 45 46 47 48 , 0 1 2 3 4 5 7 8 9 10 14 15 16 17 18 19 21 22 23 24 28 29 30 35 
48 0.9,0.9;19 0.6,-0.3 1.53;19 0.6,-0.3

8.3(83):66563(1.58262,6.02021,1.5872),112399(0.743335,-1.76214,-0.537198)
0 1 2 3 4 5 6 7 8 9 10 11 12 13 14 15 16 17 18 19 20 21 22 23 24 25 26 27 28 29 30 31 32 33 34 35 36 37 38 39 40 41 42 43 44 45 46 47 48 , 0 1 2 3 4 5 6 7 8 9 10 11 12 13 14 15 16 17 18 19 20 21 22 23 24 25 26 27 28 29 35 42 43 
48 0.9,0.9;27 0.9,0 0.81;27 0.9,0

8.4(84):66614(1.58114,6.1102,1.5872),112399(0.713475,-1.79796,-0.537198)
0 1 2 3 4 5 6 7 8 9 10 11 12 13 14 15 16 17 18 19 20 21 22 23 24 25 26 27 28 29 30 31 32 33 34 35 36 37 38 39 40 41 42 43 44 45 46 47 48 , 0 1 2 3 4 5 6 7 8 9 10 11 12 13 14 15 16 17 18 19 20 21 22 23 24 25 26 27 28 29 35 42 43 
48 0.9,0.9;27 0.9,0 0.81;27 0.9,0

8.5(85):66614(1.57967,6.20019,1.5872),112399(0.683615,-1.83378,-0.537198)
0 1 2 3 4 5 6 7 8 9 10 11 12 13 14 15 16 17 18 19 20 21 22 23 24 25 26 27 28 29 30 31 32 33 34 35 36 37 38 39 40 41 42 43 44 45 46 47 48 , 0 1 2 3 4 5 6 7 8 9 10 11 12 13 14 15 16 17 18 19 20 21 22 23 24 25 26 27 28 29 35 42 43 
48 0.9,0.9;27 0.9,0 0.81;27 0.9,0

8.6(86):66614(1.57819,6.29017,1.5872),112338(0.653755,-1.8696,-0.537198)
0 1 2 3 4 5 6 7 8 9 10 11 12 13 14 15 16 17 18 19 20 21 22 23 24 25 26 27 28 29 30 31 32 33 34 35 36 37 38 39 40 41 42 43 44 45 46 47 48 , 0 1 2 3 4 5 6 7 8 9 10 11 12 13 14 15 16 17 18 19 20 21 22 23 24 25 26 27 28 29 30 31 32 33 35 36 37 38 42 43 44 
48 0.9,0.9;33 0.6,0.3 0.45;33 0.6,0.3

8.7(87):69266(1.57631,6.35014,1.6172),108616(0.596429,-1.92508,-0.567198)
0 1 2 3 4 5 6 7 8 9 10 11 12 13 14 15 16 17 18 19 20 21 22 23 24 25 26 27 28 29 30 31 32 33 34 35 36 37 38 39 40 41 42 43 44 45 46 47 48 , 0 1 2 3 4 5 6 7 8 9 10 11 12 13 14 15 16 17 18 19 21 22 23 24 28 29 
48 0.9,0.9;19 0.6,-0.3 1.53;19 0.6,-0.3

8.8(88):66665(1.57442,6.41011,1.5872),112338(0.654054,-1.94304,-0.537198)
0 1 2 3 4 5 6 7 8 9 10 11 12 13 14 15 16 17 18 19 20 21 22 23 24 25 26 27 28 29 30 31 32 33 34 35 36 37 38 39 40 41 42 43 44 45 46 47 48 , 0 1 2 3 4 5 6 7 8 9 10 11 12 13 14 15 16 17 18 19 20 21 22 23 24 25 26 27 28 29 30 31 32 33 35 36 37 38 42 43 44 
48 0.9,0.9;33 0.6,0.3 0.45;33 0.6,0.3

8.9(89):69266(1.57254,6.47008,1.6172),108555(0.594525,-1.9985,-0.567198)
0 1 2 3 4 5 6 7 8 9 10 11 12 13 14 15 16 17 18 19 20 21 22 23 24 25 26 27 28 29 30 31 32 33 34 35 36 37 38 39 40 41 42 43 44 45 46 47 48 , 0 1 2 3 4 5 6 7 8 9 10 11 12 13 14 15 16 17 18 19 20 21 22 23 24 25 26 27 28 29 30 31 32 33 35 36 37 38 42 
48 0.9,0.9;33 0.6,0.3 0.45;33 0.6,0.3

9(90):69317(1.56886,6.52996,1.6472),108493(0.532204,-2.05389,-0.597198)
0 1 2 3 4 5 6 7 8 9 10 11 12 13 14 15 16 17 18 19 20 21 22 23 24 25 26 27 28 29 30 31 32 33 34 35 36 37 38 39 40 41 42 43 44 45 46 47 48 , 0 1 2 3 4 5 6 7 8 9 10 11 12 13 14 15 16 17 18 19 20 21 22 23 24 25 26 27 28 29 
48 0.9,0.9;27 0.9,0 0.81;27 0.9,0

9.1(91):69317(1.56199,6.6197,1.6472),108493(0.500088,-2.09326,-0.597198)
0 1 2 3 4 5 6 7 8 9 10 11 12 13 14 15 16 17 18 19 20 21 22 23 24 25 26 27 28 29 30 31 32 33 34 35 36 37 38 39 40 41 42 43 44 45 46 47 48 , 0 1 2 3 4 5 6 7 8 9 10 11 12 13 14 15 16 17 18 19 20 21 22 23 24 25 26 27 28 29 
48 0.9,0.9;27 0.9,0 0.81;27 0.9,0

9.2(92):69368(1.55512,6.70944,1.6472),108493(0.467972,-2.13262,-0.597198)
0 1 2 3 4 5 6 7 8 9 10 11 12 13 14 15 16 17 18 19 20 21 22 23 24 25 26 27 28 29 30 31 32 33 34 35 36 37 38 39 40 41 42 43 44 45 46 47 48 , 0 1 2 3 4 5 6 7 8 9 10 11 12 13 14 15 16 17 18 19 20 21 22 23 24 25 26 27 28 29 
48 0.9,0.9;27 0.9,0 0.81;27 0.9,0

9.3(93):69368(1.54825,6.79918,1.6472),108431(0.435856,-2.17198,-0.597198)
0 1 2 3 4 5 6 7 8 9 10 11 12 13 14 15 16 17 18 19 20 21 22 23 24 25 26 27 28 29 30 31 32 33 34 35 36 37 38 39 40 41 42 43 44 45 46 47 48 , 0 1 2 3 4 5 6 7 8 9 10 11 12 13 14 15 16 17 18 19 20 21 22 23 24 25 26 27 28 29 30 31 32 33 35 36 37 42 
48 0.9,0.9;33 0.6,0.3 0.45;33 0.6,0.3

9.4(94):69368(1.54277,6.85892,1.6772),108431(0.367197,-2.22426,-0.627198)
0 1 2 3 4 5 6 7 8 9 10 11 12 13 14 15 16 17 18 19 20 21 22 23 24 25 26 27 28 29 30 31 32 33 34 35 36 37 38 39 40 41 42 43 44 45 46 47 48 , 0 1 2 3 4 5 6 7 8 9 10 11 12 13 14 15 16 17 18 19 20 21 22 23 24 25 26 27 28 29 30 31 32 33 35 36 37 42 
48 0.9,0.9;33 0.6,0.3 0.45;33 0.6,0.3

9.5(95):69419(1.53551,6.91848,1.7072),104648(0.295742,-2.27614,-0.657198)
0 1 2 3 4 5 6 7 8 9 10 11 12 13 14 15 16 17 18 19 20 21 22 23 24 25 26 27 28 29 30 31 32 33 34 35 36 37 38 39 40 41 42 43 44 45 46 47 48 , 0 1 2 3 4 5 6 7 8 9 10 11 12 13 14 15 16 17 18 19 20 21 22 23 24 25 26 27 28 29 30 31 32 33 34 35 36 37 38 39 40 41 42 43 44 45 46 47 48 
48 0.9,0.9;48 0.9,0.9 0;48 0.9,0.9

t0=9.6,xb=(1.51928,7.00697,1.7972)
9.6(96):69419(1.51928,7.00697,1.7972),104646(0.0514426,-2.33703,-0.747198)
0 1 2 3 4 5 6 7 8 9 10 11 12 13 14 15 16 17 18 19 20 21 22 23 24 25 26 27 28 29 30 31 32 33 34 35 36 37 38 39 40 41 42 43 44 45 46 47 48 , 0 1 2 3 4 5 6 7 8 9 10 11 12 13 14 15 16 17 18 19 20 21 22 23 24 25 26 27 28 29 30 31 32 33 34 35 36 37 38 39 40 41 42 43 44 45 46 47 48 
48 0.9,0.9;48 0.9,0.9 0;48 0.9,0.9

9.7(97):72019(1.49516,7.09365,1.8872),100861(-0.201825,-2.38014,-0.837198)
0 1 2 3 4 5 6 7 8 9 10 11 12 13 14 15 16 17 18 19 20 21 22 23 24 25 26 27 28 29 30 31 32 33 34 35 36 37 38 39 40 41 42 43 44 45 46 47 48 , 0 1 2 3 4 5 6 7 8 9 10 11 12 13 14 15 16 17 18 19 20 21 22 23 24 25 26 27 28 29 30 31 32 33 34 35 36 37 38 39 40 41 42 43 44 45 46 47 48 
27 0.9,0;27 0.9,0 0;27 0.9,0

9.8(98):72070(1.46715,7.17918,1.8872),100861(-0.244956,-2.43214,-0.837198)
0 1 2 3 4 5 6 7 8 9 10 11 12 13 14 15 16 17 18 19 20 21 22 23 24 25 26 27 28 29 30 31 32 33 34 35 36 37 38 39 40 41 42 43 44 45 46 47 48 , 0 1 2 3 4 5 6 7 8 9 10 11 12 13 14 15 16 17 18 19 20 21 22 23 24 25 26 27 28 29 30 31 32 33 34 35 36 37 38 39 40 41 42 43 44 45 46 47 48 
27 0.9,0;27 0.9,0 0;27 0.9,0

9.9(99):72070(1.43915,7.26471,1.8872),100799(-0.288088,-2.48413,-0.837198)
0 1 2 3 4 5 6 7 8 9 10 11 12 13 14 15 16 17 18 19 20 21 22 23 24 25 26 27 28 29 30 31 32 33 34 35 36 37 38 39 40 41 42 43 44 45 46 47 48 , 0 1 2 3 4 5 6 7 8 9 10 11 12 13 14 15 16 17 18 19 20 21 22 23 24 25 26 27 28 29 30 31 32 33 34 35 36 37 38 39 40 41 42 43 44 45 46 47 48 
27 0.9,0;27 0.9,0 0;27 0.9,0

10(100):72121(1.41115,7.35025,1.8872),100799(-0.33122,-2.53612,-0.837198)
0 1 2 3 4 5 6 7 8 9 10 11 12 13 14 15 16 17 18 19 20 21 22 23 24 25 26 27 28 29 30 31 32 33 34 35 36 37 38 39 40 41 42 43 44 45 46 47 48 , 0 1 2 3 4 5 6 7 8 9 10 11 12 13 14 15 16 17 18 19 20 21 22 23 24 25 26 27 28 29 30 31 32 33 34 35 36 37 38 39 40 41 42 43 44 45 46 47 48 
6 0.9,-0.9;6 0.9,-0.9 0;6 0.9,-0.9

10.1(101):69520(1.38703,7.43692,1.7972),104461(-0.140463,-2.60725,-0.747198)
0 1 2 3 4 5 6 7 8 9 10 11 12 13 14 15 16 17 18 19 20 21 22 23 24 25 26 27 28 29 30 31 32 33 34 35 36 37 38 39 40 41 42 43 44 45 46 47 48 , 0 1 2 3 4 5 6 7 8 9 10 11 12 13 14 15 16 17 18 19 20 21 22 23 24 25 26 27 28 29 30 31 32 33 34 35 36 37 38 39 40 41 42 43 44 45 46 47 48 
27 0.9,0;27 0.9,0 0;27 0.9,0

10.2(102):69571(1.36683,7.52463,1.7972),104399(-0.179111,-2.65482,-0.747198)
0 1 2 3 4 5 6 7 8 9 10 11 12 13 14 15 16 17 18 19 20 21 22 23 24 25 26 27 28 29 30 31 32 33 34 35 36 37 38 39 40 41 42 43 44 45 46 47 48 , 0 1 2 3 4 5 6 7 8 9 10 11 12 13 14 15 16 17 18 19 20 21 22 23 24 25 26 27 28 29 30 31 32 33 34 35 36 37 38 39 40 41 42 43 44 45 46 47 48 
6 0.9,-0.9;6 0.9,-0.9 0;6 0.9,-0.9

10.3(103):69571(1.35059,7.61312,1.7072),104401(0.0257657,-2.70698,-0.657198)
0 1 2 3 4 5 6 7 8 9 10 11 12 13 14 15 16 17 18 19 20 21 22 23 24 25 26 27 28 29 30 31 32 33 34 35 36 37 38 39 40 41 42 43 44 45 46 47 48 , 0 1 2 3 4 5 6 7 8 9 10 11 12 13 14 15 16 17 18 19 20 21 22 23 24 25 26 27 28 29 30 31 32 33 34 35 36 37 38 39 40 41 42 43 44 45 46 47 48 
6 0.9,-0.9;6 0.9,-0.9 0;6 0.9,-0.9

10.4(104):69622(1.34238,7.70271,1.6172),108124(0.238121,-2.73537,-0.567198)
0 1 2 3 4 5 6 7 8 9 10 11 12 13 14 15 16 17 18 19 20 21 22 23 24 25 26 27 28 29 30 31 32 33 34 35 36 37 38 39 40 41 42 43 44 45 46 47 48 , 0 1 2 3 4 5 6 7 8 9 10 11 12 13 14 15 16 17 18 19 20 21 22 23 24 25 26 27 28 29 30 31 32 33 34 35 36 37 38 39 40 41 42 43 44 45 46 47 48 
0 -0.9,-0.9;0 -0.9,-0.9 0;0 -0.9,-0.9

10.5(105):66970(1.34251,7.61274,1.5272),111849(0.635067,-2.731,-0.477198)
0 1 2 3 4 5 6 7 8 9 10 11 12 13 14 15 16 17 18 19 20 21 22 23 24 25 26 27 28 29 30 31 32 33 34 35 36 37 38 39 40 41 42 43 44 45 46 47 48 , 0 1 2 3 4 5 6 7 8 9 10 11 12 13 14 15 16 17 18 19 20 21 22 23 24 25 26 27 28 29 30 31 32 33 34 35 36 37 38 39 40 41 42 43 44 45 46 47 48 
0 -0.9,-0.9;0 -0.9,-0.9 0;0 -0.9,-0.9

10.6(106):66970(1.33455,7.52313,1.4372),115574(1.03265,-2.68525,-0.387198)
0 1 2 3 4 5 6 7 8 9 10 11 12 13 14 15 16 17 18 19 20 21 22 23 24 25 26 27 28 29 30 31 32 33 34 35 36 37 38 39 40 41 42 43 44 45 46 47 48 , 0 1 2 3 4 5 6 7 8 9 10 11 12 13 14 15 16 17 18 19 20 21 22 23 24 25 26 27 28 29 30 31 32 33 34 35 36 37 38 39 40 41 42 43 44 45 46 47 48 
0 -0.9,-0.9;0 -0.9,-0.9 0;0 -0.9,-0.9

10.7(107):64318(1.31856,7.43459,1.3472),119360(1.42663,-2.59802,-0.297198)
0 1 2 3 4 5 6 7 8 9 10 11 12 13 14 15 16 17 18 19 20 21 22 23 24 25 26 27 28 29 30 31 32 33 34 35 36 37 38 39 40 41 42 43 44 45 46 47 48 , 0 1 2 3 4 5 6 7 8 9 10 11 12 13 14 15 16 17 18 19 20 21 22 23 24 25 26 27 28 29 30 31 32 33 34 35 36 37 38 39 40 41 42 43 44 45 46 47 48 
0 -0.9,-0.9;0 -0.9,-0.9 0;0 -0.9,-0.9

t0=12.9,xb=(2.65739,7.84726,0.177198)
12.9(129):48820(2.65739,7.84726,0.177198),117545(2.93746,0.513864,-0.387198)
0 1 2 3 4 5 6 7 8 9 10 11 12 13 14 15 16 17 18 19 20 21 22 23 24 25 26 27 28 29 30 31 32 33 34 35 36 37 38 39 40 41 42 43 44 45 46 47 48 , 0 1 2 3 4 5 6 7 8 9 10 11 12 13 14 15 16 17 18 19 20 21 22 23 24 25 26 27 28 29 30 31 32 33 34 35 36 37 38 39 40 41 42 43 44 45 46 47 48 
27 0.9,0;27 0.9,0 0;27 0.9,0

13(130):48821(2.74598,7.86313,0.177198),117545(2.91145,0.485505,-0.447198)
0 1 2 3 4 5 6 7 8 9 10 11 12 13 14 15 16 17 18 19 20 21 22 23 24 25 26 27 28 29 30 31 32 33 34 35 36 37 38 39 40 41 42 43 44 45 46 47 48 , 0 1 2 3 4 5 6 7 8 9 10 11 12 13 14 15 16 17 18 19 20 21 22 23 24 25 26 27 28 29 30 31 32 33 34 35 36 37 38 39 40 41 42 43 44 45 46 47 48 
27 0.9,0;27 0.9,0 0;27 0.9,0

13.1(131):48821(2.83457,7.87899,0.177198),113824(2.88362,0.453359,-0.507198)
0 1 2 3 4 5 6 7 8 9 10 11 12 13 14 15 16 17 18 19 20 21 22 23 24 25 26 27 28 29 30 31 32 33 34 35 36 37 38 39 40 41 42 43 44 45 46 47 48 , 0 1 2 3 4 5 6 7 8 9 10 11 12 13 14 15 16 17 18 19 20 21 22 23 24 25 26 27 28 29 30 31 32 33 34 35 36 37 38 39 40 41 42 43 44 45 46 47 48 
27 0.9,0;27 0.9,0 0;27 0.9,0

13.2(132):48822(2.92316,7.89486,0.177198),110042(2.85375,0.417543,-0.567198)
0 1 2 3 4 5 6 7 8 9 10 11 12 13 14 15 16 17 18 19 20 21 22 23 24 25 26 27 28 29 30 31 32 33 34 35 36 37 38 39 40 41 42 43 44 45 46 47 48 , 0 1 2 3 4 5 6 7 8 9 10 11 12 13 14 15 16 17 18 19 20 21 22 23 24 25 26 27 28 29 30 31 32 33 34 35 36 37 38 39 40 41 42 43 44 45 46 47 48 
27 0.9,0;27 0.9,0 0;27 0.9,0

13.3(133):48873(3.01175,7.91072,0.177198),110041(2.82163,0.378186,-0.627198)
0 1 2 3 4 5 6 7 8 9 10 11 12 13 14 15 16 17 18 19 20 21 22 23 24 25 26 27 28 29 30 31 32 33 34 35 36 37 38 39 40 41 42 43 44 45 46 47 48 , 0 1 2 3 4 5 6 7 8 9 10 11 12 13 14 15 16 17 18 19 20 21 22 23 24 25 26 27 28 29 30 31 32 33 34 35 36 37 38 39 40 41 42 43 44 45 46 47 48 
6 0.9,-0.9;6 0.9,-0.9 0;6 0.9,-0.9

13.4(134):48874(3.10094,7.92258,0.0871976),110162(2.74537,0.588609,-0.597198)
0 1 2 3 4 5 6 7 8 9 10 11 12 13 14 15 16 17 18 19 20 21 22 23 24 25 26 27 28 29 30 31 32 33 34 35 36 37 38 39 40 41 42 43 44 45 46 47 48 , 0 1 2 3 4 5 6 7 8 9 10 11 12 13 14 15 16 17 18 19 20 21 22 23 24 25 26 27 28 29 30 31 32 33 34 35 36 37 38 39 40 41 42 43 44 45 46 47 48 
6 0.9,-0.9;6 0.9,-0.9 0;6 0.9,-0.9

13.5(135):46273(3.19083,7.92637,-0.00280245),110284(2.65161,0.793113,-0.567198)
0 1 2 3 4 5 6 7 8 9 10 11 12 13 14 15 16 17 18 19 20 21 22 23 24 25 26 27 28 29 30 31 32 33 34 35 36 37 38 39 40 41 42 43 44 45 46 47 48 , 0 1 2 3 4 5 6 7 8 9 10 11 12 13 14 15 16 17 18 19 20 21 22 23 24 25 26 27 28 29 30 31 32 33 34 35 36 37 38 39 40 41 42 43 44 45 46 47 48 
27 0.9,0;27 0.9,0 0;27 0.9,0

13.6(136):46273(3.28083,7.92612,-0.00280245),110283(2.61948,0.753756,-0.627198)
0 1 2 3 4 5 6 7 8 9 10 11 12 13 14 15 16 17 18 19 20 21 22 23 24 25 26 27 28 29 30 31 32 33 34 35 36 37 38 39 40 41 42 43 44 45 46 47 48 , 0 1 2 3 4 5 6 7 8 9 10 11 12 13 14 15 16 17 18 19 20 21 22 23 24 25 26 27 28 29 30 31 32 33 34 35 36 37 38 39 40 41 42 43 44 45 46 47 48 
27 0.9,0;27 0.9,0 0;27 0.9,0

13.7(137):46274(3.37082,7.92587,-0.00280245),106501(2.58489,0.711,-0.687198)
0 1 2 3 4 5 6 7 8 9 10 11 12 13 14 15 16 17 18 19 20 21 22 23 24 25 26 27 28 29 30 31 32 33 34 35 36 37 38 39 40 41 42 43 44 45 46 47 48 , 0 1 2 3 4 5 6 7 8 9 10 11 12 13 14 15 16 17 18 19 20 21 22 23 24 25 26 27 28 29 30 31 32 33 34 35 36 37 38 39 40 41 42 43 44 45 46 47 48 
27 0.9,0;27 0.9,0 0;27 0.9,0

13.8(138):46274(3.46082,7.92562,-0.00280245),106500(2.54764,0.664997,-0.747198)
0 1 2 3 4 5 6 7 8 9 10 11 12 13 14 15 16 17 18 19 20 21 22 23 24 25 26 27 28 29 30 31 32 33 34 35 36 37 38 39 40 41 42 43 44 45 46 47 48 , 0 1 2 3 4 5 6 7 8 9 10 11 12 13 14 15 16 17 18 19 20 21 22 23 24 25 26 27 28 29 30 31 32 33 34 35 36 37 38 39 40 41 42 43 44 45 46 47 48 
27 0.9,0;27 0.9,0 0;27 0.9,0

13.9(139):46275(3.55082,7.92537,-0.00280245),102718(2.50753,0.615915,-0.807198)
0 1 2 3 4 5 6 7 8 9 10 11 12 13 14 15 16 17 18 19 20 21 22 23 24 25 26 27 28 29 30 31 32 33 34 35 36 37 38 39 40 41 42 43 44 45 46 47 48 , 0 1 2 3 4 5 6 7 8 9 10 11 12 13 14 15 16 17 18 19 20 21 22 23 24 25 26 27 28 29 30 31 32 33 34 35 36 37 38 39 40 41 42 43 44 45 46 47 48 
27 0.9,0;27 0.9,0 0;27 0.9,0

14(140):46275(3.64082,7.92511,-0.00280245),98997(2.4644,0.563929,-0.867198)
0 1 2 3 4 5 6 7 8 9 10 11 12 13 14 15 16 17 18 19 20 21 22 23 24 25 26 27 28 29 30 31 32 33 34 35 36 37 38 39 40 41 42 43 44 45 46 47 48 , 0 1 2 3 4 5 6 7 8 9 10 11 12 13 14 15 16 17 18 19 20 21 22 23 24 25 26 27 28 29 30 31 32 33 34 35 36 37 38 39 40 41 42 43 44 45 46 47 48 
27 0.9,0;27 0.9,0 0;27 0.9,0

14.1(141):46276(3.73082,7.92486,-0.00280245),98935(2.41805,0.509226,-0.927198)
0 1 2 3 4 5 6 7 8 9 10 11 12 13 14 15 16 17 18 19 20 21 22 23 24 25 26 27 28 29 30 31 32 33 34 35 36 37 38 39 40 41 42 43 44 45 46 47 48 , 0 1 2 3 4 5 6 7 8 9 10 11 12 13 14 15 16 17 18 19 20 21 22 23 24 25 26 27 28 29 30 31 32 33 34 35 36 37 38 39 40 41 42 43 44 45 46 47 48 
27 0.9,0;27 0.9,0 0;27 0.9,0

14.2(142):46276(3.82082,7.92461,-0.00280245),95214(2.36836,0.452004,-0.987198)
0 1 2 3 4 5 6 7 8 9 10 11 12 13 14 15 16 17 18 19 20 21 22 23 24 25 26 27 28 29 30 31 32 33 34 35 36 37 38 39 40 41 42 43 44 45 46 47 48 , 0 1 2 3 4 5 6 7 8 9 10 11 12 13 14 15 16 17 18 19 20 21 22 23 24 25 26 27 28 29 30 31 32 33 34 35 36 37 38 39 40 41 42 43 44 45 46 47 48 
27 0.9,0;27 0.9,0 0;27 0.9,0

14.3(143):46277(3.91082,7.92436,-0.00280245),95152(2.31515,0.392468,-1.0472)
0 1 2 3 4 5 6 7 8 9 10 11 12 13 14 15 16 17 18 19 20 21 22 23 24 25 26 27 28 29 30 31 32 33 34 35 36 37 38 39 40 41 42 43 44 45 46 47 48 , 0 1 2 3 4 5 6 7 8 9 10 11 12 13 14 15 16 17 18 19 20 21 22 23 24 25 26 27 28 29 30 31 32 33 34 35 36 37 38 39 40 41 42 43 44 45 46 47 48 
27 0.9,0;27 0.9,0 0;27 0.9,0

14.4(144):46277(4.00082,7.9241,-0.00280245),91370(2.25831,0.330833,-1.1072)
0 1 2 3 4 5 6 7 8 9 10 11 12 13 14 15 16 17 18 19 20 21 22 23 24 25 26 27 28 29 30 31 32 33 34 35 36 37 38 39 40 41 42 43 44 45 46 47 48 , 0 1 2 3 4 5 6 7 8 9 10 11 12 13 14 15 16 17 18 19 20 21 22 23 24 25 26 27 28 29 30 31 32 33 34 35 36 37 38 39 40 41 42 43 44 45 46 47 48 
27 0.9,0;27 0.9,0 0;27 0.9,0

14.5(145):46277(4.09082,7.92385,-0.00280245),87648(2.19772,0.26732,-1.1672)
0 1 2 3 4 5 6 7 8 9 10 11 12 13 14 15 16 17 18 19 20 21 22 23 24 25 26 27 28 29 30 31 32 33 34 35 36 37 38 39 40 41 42 43 44 45 46 47 48 , 0 1 2 3 4 5 6 7 8 9 10 11 12 13 14 15 16 17 18 19 20 21 22 23 24 25 26 27 28 29 30 31 32 33 34 35 36 37 38 39 40 41 42 43 44 45 46 47 48 
27 0.9,0;27 0.9,0 0;27 0.9,0

14.6(146):46278(4.18082,7.9236,-0.00280245),87586(2.13326,0.202159,-1.2272)
0 1 2 3 4 5 6 7 8 9 10 11 12 13 14 15 16 17 18 19 20 21 22 23 24 25 26 27 28 29 30 31 32 33 34 35 36 37 38 39 40 41 42 43 44 45 46 47 48 , 0 1 2 3 4 5 6 7 8 9 10 11 12 13 14 15 16 17 18 19 20 21 22 23 24 25 26 27 28 29 30 31 32 33 34 35 36 37 38 39 40 41 42 43 44 45 46 47 48 
41 0.9,0.6;41 0.9,0.6 0;41 0.9,0.6

14.7(147):48879(4.27077,7.92605,0.0571976),83743(2.06916,0.0088243,-1.3472)
0 1 2 3 4 5 6 7 8 9 10 11 12 13 14 15 16 17 18 19 20 21 22 23 24 25 26 27 28 29 30 31 32 33 34 35 36 37 38 39 40 41 42 43 44 45 46 47 48 , 0 1 2 3 4 5 6 7 8 9 10 11 12 13 14 15 16 17 18 19 20 21 22 23 24 25 26 27 28 29 30 31 32 33 34 35 36 37 38 39 40 41 42 43 44 45 46 47 48 
27 0.9,0;27 0.9,0 0;27 0.9,0

14.8(148):48880(4.36063,7.93119,0.0571976),79960(1.99263,-0.0598577,-1.4072)
0 1 2 3 4 5 6 7 8 9 10 11 12 13 14 15 16 17 18 19 20 21 22 23 24 25 26 27 28 29 30 31 32 33 34 35 36 37 38 39 40 41 42 43 44 45 46 47 48 , 0 1 2 3 4 5 6 7 8 9 10 11 12 13 14 15 16 17 18 19 20 21 22 23 24 25 26 27 28 29 30 31 32 33 34 35 36 37 38 39 40 41 42 43 44 45 46 47 48 
27 0.9,0;27 0.9,0 0;27 0.9,0

14.9(149):48880(4.45048,7.93634,0.0571976),76238(1.91195,-0.129223,-1.4672)
0 1 2 3 4 5 6 7 8 9 10 11 12 13 14 15 16 17 18 19 20 21 22 23 24 25 26 27 28 29 30 31 32 33 34 35 36 37 38 39 40 41 42 43 44 45 46 47 48 , 0 1 2 3 4 5 6 7 8 9 10 11 12 13 14 15 16 17 18 19 20 21 22 23 24 25 26 27 28 29 30 31 32 33 34 35 36 37 38 39 40 41 42 43 44 45 46 47 48 
27 0.9,0;27 0.9,0 0;27 0.9,0

15(150):48881(4.54033,7.94148,0.0571976),76176(1.82709,-0.199024,-1.5272)
0 1 2 3 4 5 6 7 8 9 10 11 12 13 14 15 16 17 18 19 20 21 22 23 24 25 26 27 28 29 30 31 32 33 34 35 36 37 38 39 40 41 42 43 44 45 46 47 48 , 0 1 2 3 4 5 6 7 8 9 10 11 12 13 14 15 16 17 18 19 20 21 22 23 24 25 26 27 28 29 30 31 32 33 34 35 36 37 38 39 40 41 42 43 44 45 46 47 48 
27 0.9,0;27 0.9,0 0;27 0.9,0

15.1(151):48881(4.63019,7.94663,0.0571976),72393(1.73805,-0.269007,-1.5872)
0 1 2 3 4 5 6 7 8 9 10 11 12 13 14 15 16 17 18 19 20 21 22 23 24 25 26 27 28 29 30 31 32 33 34 35 36 37 38 39 40 41 42 43 44 45 46 47 48 , 0 1 2 3 4 5 6 7 8 9 10 11 12 13 14 15 16 17 18 19 20 21 22 23 24 25 26 27 28 29 30 31 32 33 34 35 36 37 38 39 40 41 42 43 44 45 46 47 48 
27 0.9,0;27 0.9,0 0;27 0.9,0

15.2(152):48882(4.72004,7.95177,0.0571976),72392(1.6448,-0.338921,-1.6472)
0 1 2 3 4 5 6 7 8 9 10 11 12 13 14 15 16 17 18 19 20 21 22 23 24 25 26 27 28 29 30 31 32 33 34 35 36 37 38 39 40 41 42 43 44 45 46 47 48 , 0 1 2 3 4 5 6 7 8 9 10 11 12 13 14 15 16 17 18 19 20 21 22 23 24 25 26 27 28 29 30 31 32 33 34 35 36 37 38 39 40 41 42 43 44 45 46 47 48 
27 0.9,0;27 0.9,0 0;27 0.9,0

15.3(153):48882(4.80989,7.95692,0.0571976),68609(1.54737,-0.408514,-1.7072)
0 1 2 3 4 5 6 7 8 9 10 11 12 13 14 15 16 17 18 19 20 21 22 23 24 25 26 27 28 29 30 31 32 33 34 35 36 37 38 39 40 41 42 43 44 45 46 47 48 , 0 1 2 3 4 5 6 7 8 9 10 11 12 13 14 15 16 17 18 19 20 21 22 23 24 25 26 27 28 29 30 31 32 33 34 35 36 37 38 39 40 41 42 43 44 45 46 47 48 
27 0.9,0;27 0.9,0 0;27 0.9,0

15.4(154):48882(4.89974,7.96206,0.0571976),64826(1.44577,-0.477537,-1.7672)
0 1 2 3 4 5 6 7 8 9 10 11 12 13 14 15 16 17 18 19 20 21 22 23 24 25 26 27 28 29 30 31 32 33 34 35 36 37 38 39 40 41 42 43 44 45 46 47 48 , 0 1 2 3 4 5 6 7 8 9 10 11 12 13 14 15 16 17 18 19 20 21 22 23 24 25 26 27 28 29 30 31 32 33 34 35 36 37 38 39 40 41 42 43 44 45 46 47 48 
27 0.9,0;27 0.9,0 0;27 0.9,0

15.5(155):48883(4.9896,7.96721,0.0571976),64825(1.34006,-0.545741,-1.8272)
0 1 2 3 4 5 6 7 8 9 10 11 12 13 14 15 16 17 18 19 20 21 22 23 24 25 26 27 28 29 30 31 32 33 34 35 36 37 38 39 40 41 42 43 44 45 46 47 48 , 0 1 2 3 4 5 6 7 8 9 10 11 12 13 14 15 16 17 18 19 20 21 22 23 24 25 26 27 28 29 30 31 32 33 34 35 36 37 38 39 40 41 42 43 44 45 46 47 48 
27 0.9,0;27 0.9,0 0;27 0.9,0

15.6(156):48883(5.07945,7.97235,0.0571976),61042(1.23029,-0.612879,-1.8872)
0 1 2 3 4 5 6 7 8 9 10 11 12 13 14 15 16 17 18 19 20 21 22 23 24 25 26 27 28 29 30 31 32 33 34 35 36 37 38 39 40 41 42 43 44 45 46 47 48 , 0 1 2 3 4 5 6 7 8 9 10 11 12 13 14 15 16 17 18 19 20 21 22 23 24 25 26 27 28 29 30 31 32 33 34 35 36 37 38 39 40 41 42 43 44 45 46 47 48 
27 0.9,0;27 0.9,0 0;27 0.9,0

15.7(157):48884(5.1693,7.9775,0.0571976),60980(1.11653,-0.678711,-1.9472)
0 1 2 3 4 5 6 7 8 9 10 11 12 13 14 15 16 17 18 19 20 21 22 23 24 25 26 27 28 29 30 31 32 33 34 35 36 37 38 39 40 41 42 43 44 45 46 47 48 , 0 1 2 3 4 5 6 7 8 9 10 11 12 13 14 15 16 17 18 19 20 21 22 23 24 25 26 27 28 29 30 31 32 33 34 35 36 37 38 39 40 41 42 43 44 45 46 47 
27 0.9,0;27 0.9,0 0;27 0.9,0

15.8(158):48884(5.25916,7.98264,0.0571976),57258(0.998862,-0.743,-2.0072)
0 1 2 3 4 5 6 7 8 9 10 11 12 13 14 15 16 17 18 19 20 21 22 23 24 25 26 27 28 29 30 31 32 33 34 35 36 37 38 39 40 41 42 43 44 45 46 47 48 , 0 1 2 3 4 5 6 7 8 9 10 11 12 13 14 15 16 17 18 19 21 22 23 24 25 26 28 29 30 31 32 35 36 37 38 42 43 44 
27 0.9,0;26 0.6,0 0.09;13 0.9,-0.6

15.9(159):46284(5.34911,7.98509,-0.00280245),57257(0.924004,-0.748755,-2.0072)
0 1 2 3 4 5 6 7 8 9 10 11 12 13 14 15 16 17 18 19 20 21 22 23 24 25 26 27 28 29 30 31 32 33 34 35 36 37 38 39 40 41 42 43 44 45 46 47 48 , 0 1 2 3 7 8 9 14 15 16 21 22 28 
41 0.9,0.6;16 -0.3,-0.3 2.25;16 -0.3,-0.3

16(160):46284(5.31911,7.98562,-0.0328024),57196(0.94646,-0.783683,-2.0372)
0 1 2 3 4 5 6 7 8 9 10 11 12 13 14 15 16 17 18 19 20 21 22 23 24 25 26 27 28 29 30 31 32 33 34 35 36 37 38 39 40 41 42 43 44 45 46 47 48 , 0 1 2 3 7 8 9 14 15 16 21 22 28 
41 0.9,0.6;16 -0.3,-0.3 2.25;16 -0.3,-0.3

t0=16.1,xb=(5.28915,7.98706,-0.0628024)
16.1(161):46283(5.28915,7.98706,-0.0628024),53476(0.968064,-0.817004,-2.0672)
0 1 2 3 4 5 6 7 8 9 10 11 12 13 14 15 16 17 18 19 20 21 22 23 24 25 26 27 28 29 30 31 32 33 34 35 36 37 38 39 40 41 42 43 44 45 46 47 48 , 0 1 2 3 4 5 6 7 8 9 10 11 12 13 14 15 16 17 18 19 21 22 23 24 25 28 29 30 31 35 36 37 42 43 
41 0.9,0.6;25 0.3,0 0.72;25 0.3,0

16.2(162):46284(5.31909,7.98517,-0.0628024),53414(0.9029,-0.877519,-2.1272)
0 1 2 3 4 5 6 7 8 9 10 11 12 13 14 15 16 17 18 19 20 21 22 23 24 25 26 27 28 29 30 31 32 33 34 35 36 37 38 39 40 41 42 43 44 45 46 47 48 , 0 1 2 3 7 8 9 14 15 16 21 22 28 
41 0.9,0.6;16 -0.3,-0.3 2.25;16 -0.3,-0.3

16.3(163):46283(5.28918,7.98751,-0.0928024),49693(0.921847,-0.909023,-2.1572)
0 1 2 3 4 5 6 7 8 9 10 11 12 13 14 15 16 17 18 19 20 21 22 23 24 25 26 27 28 29 30 31 32 33 34 35 36 37 38 39 40 41 42 43 44 45 46 47 48 , 0 1 2 3 7 8 9 14 15 21 22 28 
41 0.9,0.6;22 -0.6,0 2.61;22 -0.6,0

16.4(164):46283(5.22944,7.99307,-0.0928024),49632(0.941386,-0.966132,-2.2172)
0 1 2 3 4 5 6 7 8 9 10 11 12 13 14 15 16 17 18 19 20 21 22 23 24 25 26 27 28 29 30 31 32 33 34 35 36 37 38 39 40 41 42 43 44 45 46 47 48 , 0 1 2 3 7 8 9 14 15 16 21 22 28 42 43 
41 0.9,0.6;16 -0.3,-0.3 2.25;16 -0.3,-0.3

16.5(165):46283(5.19962,7.99629,-0.122802),49633(0.957781,-0.99288,-2.2472)
0 1 2 3 4 5 6 7 8 9 10 11 12 13 14 15 16 17 18 19 20 21 22 23 24 25 26 27 28 29 30 31 32 33 34 35 36 37 38 39 40 41 42 43 44 45 46 47 48 , 0 1 2 3 4 5 6 7 8 9 10 11 12 13 14 15 16 17 18 19 21 22 23 24 25 28 29 30 31 35 36 37 42 43 44 45 46 
41 0.9,0.6;46 0.3,0.9 0.45;46 0.3,0.9

16.6(166):46283(5.22952,7.99396,-0.0328024),42128(0.784675,-1.12254,-2.3972)
0 1 2 3 4 5 6 7 8 9 10 11 12 13 14 15 16 17 18 19 20 21 22 23 24 25 26 27 28 29 30 31 32 33 34 35 36 37 38 39 40 41 42 43 44 45 46 47 48 , 0 
41 0.9,0.6;0 -0.9,-0.9 5.49;0 -0.9,-0.9

16.7(167):46283(5.13982,8.00096,-0.122802),42129(0.923729,-1.09384,-2.3672)
0 1 2 3 4 5 6 7 8 9 10 11 12 13 14 15 16 17 18 19 20 21 22 23 24 25 26 27 28 29 30 31 32 33 34 35 36 37 38 39 40 41 42 43 44 45 46 47 48 , 0 1 2 3 7 8 9 14 15 21 42 
41 0.9,0.6;9 -0.3,-0.6 2.88;9 -0.3,-0.6

16.8(168):46283(5.11017,8.00552,-0.182802),42130(0.969099,-1.08601,-2.3672)
0 1 2 3 4 5 6 7 8 9 10 11 12 13 14 15 16 17 18 19 20 21 22 23 24 25 26 27 28 29 30 31 32 33 34 35 36 37 38 39 40 41 42 43 44 45 46 47 48 , 0 1 2 3 4 5 6 7 8 9 10 11 12 13 14 15 16 17 18 19 21 22 23 24 25 28 29 30 35 36 42 43 44 45 
41 0.9,0.6;25 0.3,0 0.72;25 0.3,0

16.9(169):46283(5.13967,8.00007,-0.182802),42129(0.887622,-1.13343,-2.4272)
0 1 2 3 4 5 6 7 8 9 10 11 12 13 14 15 16 17 18 19 20 21 22 23 24 25 26 27 28 29 30 31 32 33 34 35 36 37 38 39 40 41 42 43 44 45 46 47 48 , 0 1 2 3 7 8 9 14 15 21 42 
41 0.9,0.6;9 -0.3,-0.6 2.88;9 -0.3,-0.6

17(170):43682(5.11035,8.0064,-0.242802),42129(0.932495,-1.12468,-2.4272)
0 1 2 3 4 5 6 7 8 9 10 11 12 13 14 15 16 17 18 19 20 21 22 23 24 25 26 27 28 29 30 31 32 33 34 35 36 37 38 39 40 41 42 43 44 45 46 47 48 , 0 1 2 3 7 8 9 14 15 21 42 
48 0.9,0.9;42 -0.9,0.9 3.24;42 -0.9,0.9

17.1(171):46282(5.02214,8.02408,-0.152802),34626(0.859529,-1.24718,-2.5772)
0 1 2 3 4 5 6 7 8 9 10 11 12 13 14 15 16 17 18 19 20 21 22 23 24 25 26 27 28 29 30 31 32 33 34 35 36 37 38 39 40 41 42 43 44 45 46 47 48 , 0 1 2 3 7 8 9 14 15 16 17 18 19 21 22 23 24 
41 0.9,0.6;19 0.6,-0.3 0.9;19 0.6,-0.3

17.2(172):46282(5.08129,8.01406,-0.182802),34564(0.777426,-1.25918,-2.6072)
0 1 2 3 4 5 6 7 8 9 10 11 12 13 14 15 16 17 18 19 20 21 22 23 24 25 26 27 28 29 30 31 32 33 34 35 36 37 38 39 40 41 42 43 44 45 46 47 48 , 0 1 2 3 4 7 8 9 14 15 21 
41 0.9,0.6;4 0.3,-0.9 2.61;4 0.3,-0.9

17.3(173):43682(5.11051,8.00729,-0.272802),34625(0.799508,-1.22475,-2.5772)
0 1 2 3 4 5 6 7 8 9 10 11 12 13 14 15 16 17 18 19 20 21 22 23 24 25 26 27 28 29 30 31 32 33 34 35 36 37 38 39 40 41 42 43 44 45 46 47 48 , 0 14 15 21 
48 0.9,0.9;15 -0.6,-0.3 3.69;15 -0.6,-0.3

17.4(174):43681(5.05298,8.02432,-0.302802),34625(0.836741,-1.23676,-2.6072)
0 1 2 3 4 5 6 7 8 9 10 11 12 13 14 15 16 17 18 19 20 21 22 23 24 25 26 27 28 29 30 31 32 33 34 35 36 37 38 39 40 41 42 43 44 45 46 47 48 , 0 14 15 21 
48 0.9,0.9;15 -0.6,-0.3 3.69;15 -0.6,-0.3

17.5(175):43681(4.99598,8.04307,-0.332802),34626(0.873221,-1.24585,-2.6372)
0 1 2 3 4 5 6 7 8 9 10 11 12 13 14 15 16 17 18 19 20 21 22 23 24 25 26 27 28 29 30 31 32 33 34 35 36 37 38 39 40 41 42 43 44 45 46 47 48 , 0 1 2 3 7 8 9 14 15 16 17 18 19 21 22 23 24 
48 0.9,0.9;19 0.6,-0.3 1.53;19 0.6,-0.3

17.6(176):43681(5.05239,8.02262,-0.362802),30843(0.788934,-1.25382,-2.6672)
0 1 2 3 4 5 6 7 8 9 10 11 12 13 14 15 16 17 18 19 20 21 22 23 24 25 26 27 28 29 30 31 32 33 34 35 36 37 38 39 40 41 42 43 44 45 46 47 48 , 0 1 2 3 7 8 9 14 15 21 
48 0.9,0.9;9 -0.3,-0.6 3.69;9 -0.3,-0.6

17.7(177):41080(5.02468,8.0341,-0.422802),30904(0.831407,-1.23718,-2.6672)
0 1 2 3 4 5 6 7 8 9 10 11 12 13 14 15 16 17 18 19 20 21 22 23 24 25 26 27 28 29 30 31 32 33 34 35 36 37 38 39 40 41 42 43 44 45 46 47 48 , 0 
48 0.9,0.9;0 -0.9,-0.9 6.48;0 -0.9,-0.9

17.8(178):41080(4.94438,8.07467,-0.512802),34627(0.968885,-1.18905,-2.6372)
0 1 2 3 4 5 6 7 8 9 10 11 12 13 14 15 16 17 18 19 20 21 22 23 24 25 26 27 28 29 30 31 32 33 34 35 36 37 38 39 40 41 42 43 44 45 46 47 48 , 0 1 2 3 4 5 6 7 8 9 10 11 12 13 14 15 16 17 18 19 20 21 22 23 24 25 26 27 28 29 30 35 36 37 38 39 42 43 44 45 
48 0.9,0.9;39 0.3,0.6 0.45;39 0.3,0.6

17.9(179):41080(4.97094,8.06074,-0.452802),27122(0.801794,-1.27229,-2.7572)
0 1 2 3 4 5 6 7 8 9 10 11 12 13 14 15 16 17 18 19 20 21 22 23 24 25 26 27 28 29 30 31 32 33 34 35 36 37 38 39 40 41 42 43 44 45 46 47 48 , 0 7 8 9 14 15 21 
48 0.9,0.9;9 -0.3,-0.6 3.69;9 -0.3,-0.6

18(180):41080(4.94438,8.07467,-0.512802),27183(0.842559,-1.2492,-2.7572)
0 1 2 3 4 5 6 7 8 9 10 11 12 13 14 15 16 17 18 19 20 21 22 23 24 25 26 27 28 29 30 31 32 33 34 35 36 37 38 39 40 41 42 43 44 45 46 47 48 , 0 
48 0.9,0.9;0 -0.9,-0.9 6.48;0 -0.9,-0.9

18.1(181):38529(4.86804,8.12229,-0.602802),34627(0.98003,-1.19819,-2.6072)
0 1 2 3 4 5 6 8 9 10 11 12 13 15 16 17 18 19 20 22 23 24 25 26 27 29 30 31 32 33 34 36 37 38 39 40 41 43 44 45 46 47 48 , 0 1 2 3 4 5 6 7 8 9 10 11 12 13 14 15 16 17 18 19 20 21 22 23 24 25 26 27 28 29 30 35 36 37 38 39 42 43 44 45 
48 0.9,0.9;39 0.3,0.6 0.45;39 0.3,0.6

18.2(182):41130(4.89325,8.10604,-0.542802),34564(0.815162,-1.28773,-2.6072)
1 2 3 4 5 6 8 9 10 11 12 13 15 16 17 18 19 20 22 23 24 25 26 27 29 30 31 32 33 34 36 37 38 39 40 41 43 44 45 46 47 48 , 0 1 2 3 4 7 8 9 14 15 21 
48 0.9,0.9;4 0.3,-0.9 3.6;4 0.3,-0.9

18.3(183):38479(4.91821,8.0894,-0.632802),38285(0.842112,-1.2532,-2.4572)
0 1 2 3 4 5 6 7 8 9 10 11 12 13 14 15 16 17 18 19 20 21 22 23 24 25 26 27 28 29 30 31 32 33 34 35 36 37 38 39 40 41 42 43 44 45 46 47 48 , 0 1 2 3 4 7 8 9 10 14 15 21 
48 0.9,0.9;10 0,-0.6 3.06;10 0,-0.6

18.4(184):38479(4.91821,8.0894,-0.692802),45789(0.865712,-1.24939,-2.3372)
0 1 2 3 4 5 6 7 8 9 10 11 12 13 14 15 16 17 18 19 20 21 22 23 24 25 26 27 28 29 30 31 32 33 34 35 36 37 38 39 40 41 42 43 44 45 46 47 48 , 0 1 2 3 4 5 6 7 8 9 10 11 12 13 14 15 16 17 18 19 21 22 23 24 25 28 29 30 31 35 36 42 
48 0.9,0.9;25 0.3,0 1.17;25 0.3,0

18.5(185):38479(4.94129,8.07024,-0.692802),45727(0.788705,-1.30125,-2.2772)
0 1 2 3 4 5 6 7 8 9 10 11 12 13 14 15 16 17 18 19 20 21 22 23 24 25 26 27 28 29 30 31 32 33 34 35 36 37 38 39 40 41 42 43 44 45 46 47 48 , 0 1 2 3 4 7 8 9 10 14 15 16 17 18 19 21 22 23 24 25 
48 0.9,0.9;25 0.3,0 1.17;25 0.3,0

18.6(186):38479(4.96438,8.05108,-0.692802),49386(0.714892,-1.35583,-2.2172)
0 1 2 3 4 5 6 7 8 9 10 11 12 13 14 15 16 17 18 19 20 21 22 23 24 25 26 27 28 29 30 31 32 33 34 35 36 37 38 39 40 41 42 43 44 45 46 47 48 , 0 1 2 3 4 7 8 9 10 14 15 16 21 22 
48 0.9,0.9;16 -0.3,-0.3 2.88;16 -0.3,-0.3

18.7(187):38479(4.94158,8.07059,-0.722802),53107(0.746505,-1.39162,-2.1272)
0 1 2 3 4 5 6 7 8 9 10 11 12 13 14 15 16 17 18 19 20 21 22 23 24 25 26 27 28 29 30 31 32 33 34 35 36 37 38 39 40 41 42 43 44 45 46 47 48 , 0 1 2 3 4 5 6 7 8 9 10 14 15 16 17 18 19 20 21 22 23 24 25 
48 0.9,0.9;25 0.3,0 1.17;25 0.3,0

18.8(188):38479(4.96408,8.05074,-0.722802),53046(0.681341,-1.45213,-2.0672)
0 1 2 3 4 5 6 7 8 9 10 11 12 13 14 15 16 17 18 19 20 21 22 23 24 25 26 27 28 29 30 31 32 33 34 35 36 37 38 39 40 41 42 43 44 45 46 47 48 , 0 1 2 3 4 5 6 7 8 9 10 11 12 13 14 15 16 17 18 19 20 21 22 23 24 25 28 29 30 31 35 36 
48 0.9,0.9;25 0.3,0 1.17;25 0.3,0

18.9(189):38479(4.98658,8.0309,-0.722802),56766(0.619868,-1.51465,-2.0072)
0 1 2 3 4 5 6 7 8 9 10 11 12 13 14 15 16 17 18 19 20 21 22 23 24 25 26 27 28 29 30 31 32 33 34 35 36 37 38 39 40 41 42 43 44 45 46 47 48 , 0 1 2 3 4 5 7 8 9 10 11 14 15 16 17 18 19 20 21 22 23 24 25 26 28 
48 0.9,0.9;26 0.6,0 0.9;26 0.6,0

19(190):38479(5.03158,7.99121,-0.722802),60425(0.532201,-1.57894,-1.9472)
0 1 2 3 4 5 6 7 8 9 10 11 12 13 14 15 16 17 18 19 20 21 22 23 24 25 26 27 28 29 30 31 32 33 34 35 36 37 38 39 40 41 42 43 44 45 46 47 48 , 0 1 2 3 4 5 6 7 8 9 10 11 14 15 16 17 21 22 28 
48 0.9,0.9;17 0,-0.3 2.25;17 0,-0.3

19.1(191):38479(5.03158,7.99121,-0.752802),60426(0.557545,-1.62878,-1.8572)
0 1 2 3 4 5 6 7 8 9 10 11 12 13 14 15 16 17 18 19 20 21 22 23 24 25 26 27 28 29 30 31 32 33 34 35 36 37 38 39 40 41 42 43 44 45 46 47 48 , 0 1 2 3 4 5 6 7 8 9 10 11 12 13 14 15 16 17 18 19 20 21 22 23 24 25 26 28 29 30 31 35 36 
48 0.9,0.9;26 0.6,0 0.9;26 0.6,0

19.2(192):38479(5.07536,7.95019,-0.752802),64085(0.479796,-1.69648,-1.7972)
0 1 2 3 4 5 6 7 8 9 10 11 12 13 14 15 16 17 18 19 20 21 22 23 24 25 26 27 28 29 30 31 32 33 34 35 36 37 38 39 40 41 42 43 44 45 46 47 48 , 0 -0.9,-0.9

19.3(193):35878(5.01254,8.01459,-0.842802),71529(0.712776,-1.71204,-1.6472)
0 1 2 3 4 5 6 7 8 9 10 11 12 13 14 15 16 17 18 19 20 21 22 23 24 25 26 27 28 29 30 31 32 33 34 35 36 37 38 39 40 41 42 43 44 45 46 47 48 , 7 -0.9,-0.6

19.4(194):35878(4.95471,8.08353,-0.902802),75252(0.905052,-1.7335,-1.5272)
0 1 2 3 4 5 6 7 8 9 10 11 12 13 14 15 16 17 18 19 20 21 22 23 24 25 26 27 28 29 30 31 32 33 34 35 36 37 38 39 40 41 42 43 44 45 46 47 48 , 7 -0.9,-0.6

19.5(195):35929(4.90111,8.15582,-0.962802),78975(1.10664,-1.74277,-1.4072)
0 1 2 3 4 5 6 7 8 9 10 11 12 13 14 15 16 17 18 19 20 21 22 23 24 25 26 27 28 29 30 31 32 33 34 35 36 37 38 39 40 41 42 43 44 45 46 47 48 , 43 -0.6,0.9

19.6(196):35928(4.86467,8.20346,-0.872802),78852(1.01268,-1.9075,-1.4372)
0 1 2 3 4 5 6 7 8 9 10 11 12 13 14 15 16 17 18 19 20 21 22 23 24 25 26 27 28 29 30 31 32 33 34 36 37 38 39 40 41 43 44 45 46 47 48 , 43 -0.6,0.9

t0=19.7,xb=(4.82409,8.24763,-0.782802)
19.7(197):38529(4.82409,8.24763,-0.782802),75008(0.902204,-2.06329,-1.4672)
0 1 2 3 4 5 6 8 9 10 11 12 13 15 16 17 18 19 20 22 23 24 25 26 27 29 30 31 32 33 34 36 37 38 39 40 41 43 44 45 46 47 48 , 48 0.9,0.9

19.8(198):38529(4.89067,8.18711,-0.692802),74944(0.626278,-2.20191,-1.4972)
0 1 2 3 4 5 6 8 9 10 11 12 13 15 16 17 18 19 20 22 23 24 25 26 27 29 30 31 32 33 34 36 37 38 39 40 41 43 44 45 46 47 48 , 48 0.9,0.9

19.9(199):38530(4.96241,8.13282,-0.602802),74880(0.336913,-2.31522,-1.5272)
0 1 2 3 4 5 6 7 8 9 10 11 12 13 14 15 16 17 18 19 20 21 22 23 24 25 26 27 28 29 30 31 32 33 34 35 36 37 38 39 40 41 42 43 44 45 46 47 48 , 48 0.9,0.9

20(200):41080(5.03874,8.0852,-0.512802),71095(0.036434,-2.40206,-1.5572)
0 1 2 3 4 5 6 7 8 9 10 11 12 13 14 15 16 17 18 19 20 21 22 23 24 25 26 27 28 29 30 31 32 33 34 35 36 37 38 39 40 41 42 43 44 45 46 47 48 , 48 0.9,0.9

20.1(201):41081(5.11905,8.04463,-0.422802),71031(-0.272732,-2.46148,-1.5872)
0 1 2 3 4 5 6 7 8 9 10 11 12 13 14 15 16 17 18 19 20 21 22 23 24 25 26 27 28 29 30 31 32 33 34 35 36 37 38 39 40 41 42 43 44 45 46 47 48 , 48 0.9,0.9

20.2(202):43682(5.20267,8.01144,-0.332802),71028(-0.588084,-2.49275,-1.6172)
0 1 2 3 4 5 6 7 8 9 10 11 12 13 14 15 16 17 18 19 20 21 22 23 24 25 26 27 28 29 30 31 32 33 34 35 36 37 38 39 40 41 42 43 44 45 46 47 48 , 48 0.9,0.9

20.3(203):43682(5.28894,7.9859,-0.242802),71025(-0.90706,-2.49535,-1.6472)
0 1 2 3 4 5 6 7 8 9 10 11 12 13 14 15 16 17 18 19 20 21 22 23 24 25 26 27 28 29 30 31 32 33 34 35 36 37 38 39 40 41 42 43 44 45 46 47 48 , 48 0.9,0.9

20.4(204):46284(5.37715,7.96822,-0.152802),67301(-1.22706,-2.46902,-1.6772)
0 1 2 3 4 5 6 7 8 9 10 11 12 13 14 15 16 17 18 19 20 21 22 23 24 25 26 27 28 29 30 31 32 33 34 35 36 37 38 39 40 41 42 43 44 45 46 47 48 , 27 0.9,0

20.5(205):46284(5.46611,7.95452,-0.152802),71021(-1.3224,-2.5388,-1.6172)
0 1 2 3 4 5 6 7 8 9 10 11 12 13 14 15 16 17 18 19 20 21 22 23 24 25 26 27 28 29 30 31 32 33 34 35 36 37 38 39 40 41 42 43 44 45 46 47 48 , 27 0.9,0

20.6(206):46285(5.55506,7.94082,-0.152802),70959(-1.41355,-2.60878,-1.5572)
0 1 2 3 4 5 6 7 8 9 10 11 12 13 14 15 16 17 18 19 20 21 22 23 24 25 26 27 28 29 30 31 32 33 34 35 36 37 38 39 40 41 42 43 44 45 46 47 48 , 27 0.9,0

t0=28.2,xb=(4.75417,4.63088,1.4072)
28.2(282):66222(4.75417,4.63088,1.4072),24278(-2.97903,0.153231,-2.8772)
0 1 2 3 4 5 6 7 8 9 10 11 12 13 14 15 16 17 18 19 20 21 22 23 24 25 26 27 28 29 30 31 32 33 34 35 36 37 38 39 40 41 42 43 44 45 46 47 48 , 0 1 2 3 4 5 6 7 8 9 10 11 12 13 14 15 16 17 18 19 20 21 22 23 24 25 26 27 28 29 30 31 32 33 34 35 36 37 38 39 40 41 42 43 44 45 46 47 48 
35 -0.9,0.6;35 -0.9,0.6 0;35 -0.9,0.6

28.3(283):66222(4.74218,4.5417,1.4672),24340(-2.92349,0.318742,-2.9372)
0 1 2 3 4 5 6 7 8 9 10 11 12 13 14 15 16 17 18 19 20 21 22 23 24 25 26 27 28 29 30 31 32 33 34 35 36 37 38 39 40 41 42 43 44 45 46 47 48 , 0 1 2 3 4 5 6 7 8 9 10 11 12 13 14 15 16 17 18 19 20 21 22 23 24 25 26 27 28 29 30 31 32 33 34 35 36 37 38 39 40 41 42 43 44 45 46 47 48 
35 -0.9,0.6;35 -0.9,0.6 0;35 -0.9,0.6

28.4(284):66171(4.73556,4.45195,1.5272),20741(-2.85865,0.483579,-2.9972)
0 1 2 3 4 5 6 7 8 9 10 11 12 13 14 15 16 17 18 19 20 21 22 23 24 25 26 27 28 29 30 31 32 33 34 35 36 37 38 39 40 41 42 43 44 45 46 47 48 , 0 1 2 3 4 5 6 7 8 9 10 11 12 13 14 15 16 17 18 19 20 21 22 23 24 25 26 27 28 29 30 31 32 33 34 35 36 37 38 39 40 41 42 43 44 45 46 47 48 
35 -0.9,0.6;35 -0.9,0.6 0;35 -0.9,0.6

28.5(285):66171(4.73434,4.36198,1.5872),17082(-2.78439,0.647211,-3.0572)
0 1 2 3 4 5 6 7 8 9 10 11 12 13 14 15 16 17 18 19 20 21 22 23 24 25 26 27 28 29 30 31 32 33 34 35 36 37 38 39 40 41 42 43 44 45 46 47 48 , 0 1 2 3 4 5 6 7 8 9 10 11 12 13 14 15 16 17 18 19 20 21 22 23 24 25 26 27 28 29 30 31 32 33 34 35 36 37 38 39 40 41 42 43 44 45 46 47 48 
35 -0.9,0.6;35 -0.9,0.6 0;35 -0.9,0.6

28.6(286):68721(4.73851,4.27209,1.6472),17205(-2.70061,0.809091,-3.1172)
0 1 2 3 4 5 6 7 8 9 10 11 12 13 14 15 16 17 18 19 20 21 22 23 24 25 26 27 28 29 30 31 32 33 34 35 36 37 38 39 40 41 42 43 44 45 46 47 48 , 0 1 2 3 4 5 6 7 8 9 10 11 12 13 14 15 16 17 18 19 20 21 22 23 24 25 26 27 28 29 30 31 32 33 34 35 36 37 38 39 40 41 42 43 44 45 46 47 48 
21 -0.9,0;21 -0.9,0 0;21 -0.9,0

28.7(287):68721(4.74538,4.18235,1.6472),17205(-2.66059,0.807871,-3.1172)
0 1 2 3 4 5 6 7 8 9 10 11 12 13 14 15 16 17 18 19 20 21 22 23 24 25 26 27 28 29 30 31 32 33 34 35 36 37 38 39 40 41 42 43 44 45 46 47 48 , 0 1 2 3 4 5 6 7 8 9 10 11 12 13 14 15 16 17 18 19 20 21 22 23 24 25 26 27 28 29 30 31 32 33 34 35 36 37 38 39 40 41 42 43 44 45 46 47 48 
21 -0.9,0;21 -0.9,0 0;21 -0.9,0

28.8(288):68670(4.75225,4.09261,1.6472),17206(-2.62058,0.806651,-3.1172)
0 1 2 3 4 5 6 7 8 9 10 11 12 13 14 15 16 17 18 19 20 21 22 23 24 25 26 27 28 29 30 31 32 33 34 35 36 37 38 39 40 41 42 43 44 45 46 47 48 , 0 1 2 3 4 5 6 7 8 9 10 11 12 13 14 15 16 17 18 19 20 21 22 23 24 25 26 27 28 29 30 31 32 33 34 35 36 37 38 39 40 41 42 43 44 45 46 47 48 
21 -0.9,0;21 -0.9,0 0;21 -0.9,0

28.9(289):68670(4.75912,4.00287,1.6472),17206(-2.58056,0.805432,-3.1172)
0 1 2 3 4 5 6 7 8 9 10 11 12 13 14 15 16 17 18 19 20 21 22 23 24 25 26 27 28 29 30 31 32 33 34 35 36 37 38 39 40 41 42 43 44 45 46 47 48 , 0 1 2 3 4 5 6 7 8 9 10 11 12 13 14 15 16 17 18 19 20 21 22 23 24 25 26 27 28 29 30 31 32 33 34 35 36 37 38 39 40 41 42 43 44 45 46 47 48 
21 -0.9,0;21 -0.9,0 0;21 -0.9,0

29(290):68670(4.76599,3.91314,1.6472),17207(-2.54055,0.804212,-3.1172)
0 1 2 3 4 5 6 7 8 9 10 11 12 13 14 15 16 17 18 19 20 21 22 23 24 25 26 27 28 29 30 31 32 33 34 35 36 37 38 39 40 41 42 43 44 45 46 47 48 , 0 1 2 3 4 5 6 7 8 9 10 11 12 13 14 15 16 17 18 19 20 21 22 23 24 25 26 27 28 29 30 31 32 33 34 35 36 37 38 39 40 41 42 43 44 45 46 47 48 
21 -0.9,0;21 -0.9,0 0;21 -0.9,0

29.1(291):68619(4.77286,3.8234,1.6472),17207(-2.50053,0.802992,-3.1172)
0 1 2 3 4 5 6 7 8 9 10 11 12 13 14 15 16 17 18 19 20 21 22 23 24 25 26 27 28 29 30 31 32 33 34 35 36 37 38 39 40 41 42 43 44 45 46 47 48 , 0 1 2 3 4 5 6 7 8 9 10 11 12 13 14 15 16 17 18 19 20 21 22 23 24 25 26 27 28 29 30 31 32 33 34 35 36 37 38 39 40 41 42 43 44 45 46 47 48 
42 -0.9,0.9;42 -0.9,0.9 0;42 -0.9,0.9

29.2(292):68619(4.78375,3.73409,1.7372),248032(-2.37825,1.02372,3.07599)
0 1 2 3 4 5 6 7 8 9 10 11 12 13 14 15 16 17 18 19 20 21 22 23 24 25 26 27 28 29 30 31 32 33 34 35 36 37 38 39 40 41 42 43 44 45 46 47 48 , 0 1 2 3 4 5 6 7 8 9 10 11 12 13 14 15 16 17 18 19 20 21 22 23 24 25 26 27 28 29 30 31 32 33 34 35 36 37 38 39 40 41 42 43 44 45 46 47 48 
42 -0.9,0.9;42 -0.9,0.9 0;42 -0.9,0.9

29.3(293):71169(4.80263,3.64612,1.8272),244435(-2.23613,1.23703,2.98599)
0 1 2 3 4 5 6 7 8 9 10 11 12 13 14 15 16 17 18 19 20 21 22 23 24 25 26 27 28 29 30 31 32 33 34 35 36 37 38 39 40 41 42 43 44 45 46 47 48 , 0 1 2 3 4 5 6 7 8 9 10 11 12 13 14 15 16 17 18 19 20 21 22 23 24 25 26 27 28 29 30 31 32 33 34 35 36 37 38 39 40 41 42 43 44 45 46 47 48 
42 -0.9,0.9;42 -0.9,0.9 0;42 -0.9,0.9

29.4(294):71169(4.82934,3.56021,1.9172),240837(-2.07452,1.44111,2.89599)
0 1 2 3 4 5 6 7 8 9 10 11 12 13 14 15 16 17 18 19 20 21 22 23 24 25 26 27 28 29 30 31 32 33 34 35 36 37 38 39 40 41 42 43 44 45 46 47 48 , 0 1 2 3 4 5 6 7 8 9 10 11 12 13 14 15 16 17 18 19 20 21 22 23 24 25 26 27 28 29 30 31 32 33 34 35 36 37 38 39 40 41 42 43 44 45 46 47 48 
42 -0.9,0.9;42 -0.9,0.9 0;42 -0.9,0.9

29.5(295):73719(4.86366,3.47704,2.0072),237240(-1.89393,1.63416,2.80599)
0 1 2 3 4 5 6 7 8 9 10 11 12 13 14 15 16 17 18 19 20 21 22 23 24 25 26 27 28 29 30 31 32 33 34 35 36 37 38 39 40 41 42 43 44 45 46 47 48 , 0 1 2 3 4 5 6 7 8 9 10 11 12 13 14 15 16 17 18 19 20 21 22 23 24 25 26 27 28 29 30 31 32 33 34 35 36 37 38 39 40 41 42 43 44 45 46 47 48 
21 -0.9,0;21 -0.9,0 0;21 -0.9,0

29.6(296):73720(4.9017,3.39548,2.0072),237301(-1.85114,1.65062,2.80599)
0 1 2 3 4 5 6 7 8 9 10 11 12 13 14 15 16 17 18 19 20 21 22 23 24 25 26 27 28 29 30 31 32 33 34 35 36 37 38 39 40 41 42 43 44 45 46 47 48 , 0 1 2 3 4 5 6 7 8 9 10 11 12 13 14 15 16 17 18 19 20 21 22 23 24 25 26 27 28 29 30 31 32 33 34 35 36 37 38 39 40 41 42 43 44 45 46 47 48 
21 -0.9,0;21 -0.9,0 0;21 -0.9,0

29.7(297):73720(4.93975,3.31391,2.0072),237302(-1.80835,1.66709,2.80599)
0 1 2 3 4 5 6 7 8 9 10 11 12 13 14 15 16 17 18 19 20 21 22 23 24 25 26 27 28 29 30 31 32 33 34 35 36 37 38 39 40 41 42 43 44 45 46 47 48 , 0 1 2 3 4 5 6 7 8 9 10 11 12 13 14 15 16 17 18 19 20 21 22 23 24 25 26 27 28 29 30 31 32 33 34 35 36 37 38 39 40 41 42 43 44 45 46 47 48 
21 -0.9,0;21 -0.9,0 0;21 -0.9,0

29.8(298):73669(4.97779,3.23235,2.0072),237302(-1.76557,1.68356,2.80599)
0 1 2 3 4 5 6 7 8 9 10 11 12 13 14 15 16 17 18 19 20 21 22 23 24 25 26 27 28 29 30 31 32 33 34 35 36 37 38 39 40 41 42 43 44 45 46 47 48 , 0 1 2 3 4 5 6 7 8 9 10 11 12 13 14 15 16 17 18 19 20 21 22 23 24 25 26 27 28 29 30 31 32 33 34 35 36 37 38 39 40 41 42 43 44 45 46 47 48 
21 -0.9,0;21 -0.9,0 0;21 -0.9,0

29.9(299):73669(5.01583,3.15078,2.0072),237303(-1.72278,1.70002,2.80599)
0 1 2 3 4 5 6 7 8 9 10 11 12 13 14 15 16 17 18 19 20 21 22 23 24 25 26 27 28 29 30 31 32 33 34 35 36 37 38 39 40 41 42 43 44 45 46 47 48 , 0 1 2 3 4 5 6 7 8 9 10 11 12 13 14 15 16 17 18 19 20 21 22 23 24 25 26 27 28 29 30 31 32 33 34 35 36 37 38 39 40 41 42 43 44 45 46 47 48 
21 -0.9,0;21 -0.9,0 0;21 -0.9,0

30(300):73618(5.05387,3.06922,2.0072),237303(-1.67999,1.71649,2.80599)
0 1 2 3 4 5 6 7 8 9 10 11 12 13 14 15 16 17 18 19 20 21 22 23 24 25 26 27 28 29 30 31 32 33 34 35 36 37 38 39 40 41 42 43 44 45 46 47 48 , 0 1 2 3 4 5 6 7 8 9 10 11 12 13 14 15 16 17 18 19 20 21 22 23 24 25 26 27 28 29 30 31 32 33 34 35 36 37 38 39 40 41 42 43 44 45 46 47 48 
21 -0.9,0;21 -0.9,0 0;21 -0.9,0

30.1(301):73618(5.09191,2.98765,2.0072),237304(-1.6372,1.73296,2.80599)
0 1 2 3 4 5 6 7 8 9 10 11 12 13 14 15 16 17 18 19 20 21 22 23 24 25 26 27 28 29 30 31 32 33 34 35 36 37 38 39 40 41 42 43 44 45 46 47 48 , 0 1 2 3 4 5 6 7 8 9 10 11 12 13 14 15 16 17 18 19 20 21 22 23 24 25 26 27 28 29 30 31 32 33 34 35 36 37 38 39 40 41 42 43 44 45 46 47 48 
21 -0.9,0;21 -0.9,0 0;21 -0.9,0

30.2(302):73619(5.12995,2.90609,2.0072),237304(-1.59441,1.74942,2.80599)
0 1 2 3 4 5 6 7 8 9 10 11 12 13 14 15 16 17 18 19 20 21 22 23 24 25 26 27 28 29 30 31 32 33 34 35 36 37 38 39 40 41 42 43 44 45 46 47 48 , 0 1 2 3 4 5 6 7 8 9 10 11 12 13 14 15 16 17 18 19 20 21 22 23 24 25 26 27 28 29 30 31 32 33 34 35 36 37 38 39 40 41 42 43 44 45 46 47 48 
21 -0.9,0;21 -0.9,0 0;21 -0.9,0

30.3(303):73568(5.16799,2.82452,2.0072),237365(-1.55162,1.76589,2.80599)
0 1 2 3 4 5 6 7 8 9 10 11 12 13 14 15 16 17 18 19 20 21 22 23 24 25 26 27 28 29 30 31 32 33 34 35 36 37 38 39 40 41 42 43 44 45 46 47 48 , 0 1 2 3 4 5 6 7 8 9 10 11 12 13 14 15 16 17 18 19 20 21 22 23 24 25 26 27 28 29 30 31 32 33 34 35 36 37 38 39 40 41 42 43 44 45 46 47 48 
35 -0.9,0.6;35 -0.9,0.6 0;35 -0.9,0.6

30.4(304):73568(5.20846,2.74415,2.0672),233707(-1.39913,1.87232,2.74599)
0 1 2 3 4 5 6 7 8 9 10 11 12 13 14 15 16 17 18 19 20 21 22 23 24 25 26 27 28 29 30 31 32 33 34 35 36 37 38 39 40 41 42 43 44 45 46 47 48 , 0 1 2 3 4 5 6 7 8 9 10 11 12 13 14 15 16 17 18 19 20 21 22 23 24 25 26 27 28 29 30 31 32 33 34 35 36 37 38 39 40 41 42 43 44 45 46 47 48 
35 -0.9,0.6;35 -0.9,0.6 0;35 -0.9,0.6

30.5(305):73517(5.25367,2.66634,2.1272),233770(-1.23929,1.97215,2.68599)
0 1 2 3 4 5 6 7 8 9 10 11 12 13 14 15 16 17 18 19 20 21 22 23 24 25 26 27 28 29 30 31 32 33 34 35 36 37 38 39 40 41 42 43 44 45 46 47 48 , 0 1 2 3 4 5 6 7 8 9 10 11 12 13 14 15 16 17 18 19 20 21 22 23 24 25 26 27 28 29 30 31 32 33 34 35 36 37 38 39 40 41 42 43 44 45 46 47 48 
44 -0.3,0.9;44 -0.3,0.9 0;44 -0.3,0.9

30.6(306):76118(5.27064,2.64162,2.2172),230111(-1.0698,2.10016,2.59599)
0 1 2 3 4 5 6 7 8 9 10 11 12 13 14 15 16 17 18 19 20 21 22 23 24 25 26 27 28 29 30 31 32 33 34 35 36 37 38 39 40 41 42 43 44 45 46 47 48 , 0 1 2 3 4 5 6 7 8 9 10 11 12 13 14 15 16 17 18 19 20 21 22 23 24 25 26 27 28 29 30 31 32 33 34 35 36 37 38 39 40 41 42 43 44 45 46 47 48 
44 -0.3,0.9;44 -0.3,0.9 0;44 -0.3,0.9

30.7(307):76118(5.28976,2.61851,2.3072),226453(-0.886991,2.21614,2.50599)
0 1 2 3 4 5 6 7 8 9 10 11 12 13 14 15 16 17 18 19 20 21 22 23 24 25 26 27 28 29 30 31 32 33 34 35 36 37 38 39 40 41 42 43 44 45 46 47 48 , 0 1 2 3 4 5 6 7 8 9 10 11 12 13 14 15 16 17 18 19 20 21 22 23 24 25 26 27 28 29 30 31 32 33 34 35 36 37 38 39 40 41 42 43 44 45 46 47 48 
44 -0.3,0.9;44 -0.3,0.9 0;44 -0.3,0.9

30.8(308):76119(5.31088,2.59722,2.3972),222795(-0.691663,2.31872,2.41599)
0 1 2 3 4 5 6 7 8 9 10 11 12 13 14 15 16 17 18 19 20 21 22 23 24 25 26 27 28 29 30 31 32 33 34 35 36 37 38 39 40 41 42 43 44 45 46 47 48 , 0 1 2 3 4 5 6 7 8 9 10 11 12 13 14 15 16 17 18 19 20 21 22 23 24 25 26 27 28 29 30 31 32 33 34 35 36 37 38 39 40 41 42 43 44 45 46 47 48 
44 -0.3,0.9;44 -0.3,0.9 0;44 -0.3,0.9

30.9(309):78720(5.33383,2.57792,2.4872),219137(-0.484771,2.40656,2.32599)
0 1 2 3 4 5 6 7 8 9 10 11 12 13 14 15 16 17 18 19 20 21 22 23 24 25 26 27 28 29 30 31 32 33 34 35 36 37 38 39 40 41 42 43 44 45 46 47 48 , 0 1 2 3 4 5 6 7 8 9 10 11 12 13 14 15 16 17 18 19 20 21 22 23 24 25 26 27 28 29 30 31 32 33 34 35 36 37 38 39 40 41 42 43 44 45 46 47 48 
42 -0.9,0.9;42 -0.9,0.9 0;42 -0.9,0.9

31(310):78720(5.4076,2.52642,2.5772),215480(-0.207493,2.47569,2.23599)
0 1 2 3 4 5 6 7 8 9 10 11 12 13 14 15 16 17 18 19 20 21 22 23 24 25 26 27 28 29 30 31 32 33 34 35 36 37 38 39 40 41 42 43 44 45 46 47 48 , 0 1 2 3 4 5 6 7 8 9 10 11 12 13 14 15 16 17 18 19 20 21 22 23 24 25 26 27 28 29 30 31 32 33 34 35 36 37 38 39 40 41 42 43 44 45 46 47 48 
42 -0.9,0.9;42 -0.9,0.9 0;42 -0.9,0.9

31.1(311):81270(5.48571,2.48176,2.6672),211762(0.0785367,2.52222,2.14599)
0 1 2 3 4 5 6 7 8 9 10 11 12 13 14 15 16 17 18 19 20 21 22 23 24 25 26 27 28 29 30 31 32 33 34 35 36 37 38 39 40 41 42 43 44 45 46 47 48 , 0 1 2 3 4 5 6 7 8 9 10 11 12 13 14 15 16 17 18 19 20 21 22 23 24 25 26 27 28 29 30 31 32 33 34 35 36 37 38 39 40 41 42 43 44 45 46 47 48 
42 -0.9,0.9;42 -0.9,0.9 0;42 -0.9,0.9

31.2(312):81271(5.56751,2.44431,2.7572),211765(0.371472,2.54514,2.05599)
0 1 2 3 4 5 6 7 8 9 10 11 12 13 14 15 16 17 18 19 20 21 22 23 24 25 26 27 28 29 30 31 32 33 34 35 36 37 38 39 40 41 42 43 44 45 46 47 48 , 0 1 2 3 4 5 6 7 8 9 10 11 12 13 14 15 16 17 18 19 20 21 22 23 24 25 26 27 28 29 30 31 32 33 34 35 36 37 38 39 40 41 42 43 44 45 46 47 48 
42 -0.9,0.9;42 -0.9,0.9 0;42 -0.9,0.9

31.3(313):83872(5.65235,2.41436,2.8472),208047(0.669351,2.54355,1.96599)
0 1 2 3 4 5 6 7 8 9 10 11 12 13 14 15 16 17 18 19 20 21 22 23 24 25 26 27 28 29 30 31 32 33 34 35 36 37 38 39 40 41 42 43 44 45 46 47 48 , 0 1 2 3 4 5 6 7 8 9 10 11 12 13 14 15 16 17 18 19 20 21 22 23 24 25 26 27 28 29 30 31 32 33 34 35 36 37 38 39 40 41 42 43 44 45 46 47 48 
35 -0.9,0.6;35 -0.9,0.6 0;35 -0.9,0.6

t0=31.4,xb=(5.73921,2.39084,2.9072)
31.4(314):83873(5.73921,2.39084,2.9072),204328(0.894167,2.54335,1.90599)
0 1 2 3 4 5 6 7 8 9 10 11 12 13 14 15 16 17 18 19 20 21 22 23 24 25 26 27 28 29 30 31 32 33 34 35 36 37 38 39 40 41 42 43 44 45 46 47 48 , 0 1 2 3 4 5 6 7 8 9 10 11 12 13 14 15 16 17 18 19 20 21 22 23 24 25 26 27 28 29 30 31 32 33 34 35 36 37 38 39 40 41 42 43 44 45 46 47 48 
42 -0.9,0.9;42 -0.9,0.9 0;42 -0.9,0.9

31.5(315):83873(5.82757,2.3739,2.9972),200610(1.19688,2.49715,1.81599)
0 1 2 3 4 5 6 7 8 9 10 11 12 13 14 15 16 17 18 19 20 21 22 23 24 25 26 27 28 29 30 31 32 33 34 35 36 37 38 39 40 41 42 43 44 45 46 47 48 , 0 1 2 3 4 5 6 7 8 9 10 11 12 13 14 15 16 17 18 19 20 21 22 23 24 25 26 27 28 29 30 31 32 33 34 35 36 37 38 39 40 41 42 43 44 45 46 47 48 
42 -0.9,0.9;42 -0.9,0.9 0;42 -0.9,0.9

31.6(316):86475(5.91709,2.36497,3.0872),196831(1.49863,2.42482,1.72599)
0 1 2 3 4 5 6 7 8 9 10 11 12 13 14 15 16 17 18 19 20 21 22 23 24 25 26 27 28 29 30 31 32 33 34 35 36 37 38 39 40 41 42 43 44 45 46 47 48 , 0 1 2 3 4 5 6 7 8 9 10 11 12 13 14 15 16 17 18 19 20 21 22 23 24 25 26 27 28 29 30 31 32 33 34 35 36 37 38 39 40 41 42 43 44 45 46 47 48 
21 -0.9,0;21 -0.9,0 0;21 -0.9,0

31.7(317):86475(6.00696,2.36008,3.0872),196893(1.5809,2.47422,1.72599)
0 1 2 3 4 5 6 7 8 9 10 11 12 13 14 15 16 17 18 19 20 21 22 23 24 25 26 27 28 29 30 31 32 33 34 35 36 37 38 39 40 41 42 43 44 45 46 47 48 , 0 1 2 3 4 5 6 7 8 9 10 11 12 13 14 15 16 17 18 19 20 21 22 23 24 25 26 27 28 29 30 31 32 33 34 35 36 37 38 39 40 41 42 43 44 45 46 47 48 
21 -0.9,0;21 -0.9,0 0;21 -0.9,0

